{
  "origin": [
    616671.4620718067,
    4117463.974587867,
    109.43613299580412
  ],
  "scene_bounds": [
    [
      -0.7910945165449141,
      -0.604309279239531,
      -0.09476160046043386
    ],
    [
      0.7910945165435876,
      0.6043092792342251,
      0.09476160046043369
    ]
  ],
  "pose_scale_factor": 87.76204257170876,
  "frames": [
    {
      "image_index": 0,
      "rgb_path": "/data/shanxiaojun/data/kitti/training/image_02/0006/000000.png",
      "depth_path": "/data/shanxiaojun/data/kitti/training/depth_02/0006/000000.parquet",
      "feature_path": "/data/shanxiaojun/data/kitti/training/dino_02/0006/000000.parquet",
      "backward_flow_path": null,
      "forward_flow_path": "/data/shanxiaojun/data/kitti/training/dino_correspondences_02/0006/000000.parquet",
      "backward_neighbor_index": null,
      "forward_neighbor_index": 2,
      "c2w": [
        [
          0.9600309444192228,
          -0.014501453387538936,
          -0.27951813287445815,
          0.3375167340993814
        ],
        [
          -0.2794034564960682,
          0.009450150849983088,
          -0.9601273174682009,
          -0.602583060695858
        ],
        [
          0.01656472818748415,
          0.9998501625029376,
          0.005020681003973508,
          0.058796455812354396
        ]
      ],
      "W": 1242,
      "H": 375,
      "intrinsics": [
        721.5377,
        721.5377,
        609.5593,
        172.854
      ],
      "time": -1.0,
      "video_id": 0,
      "is_val": true,
      "static_mask_path": "/data/shanxiaojun/data/kitti/training/static_02/0006/000000.png",
      "sky_mask_path": "/data/shanxiaojun/data/kitti/training/sky_02/0006/000000.png"
    },
    {
      "image_index": 1,
      "rgb_path": "/data/shanxiaojun/data/kitti/training/image_03/0006/000000.png",
      "depth_path": "/data/shanxiaojun/data/kitti/training/depth_03/0006/000000.parquet",
      "feature_path": "/data/shanxiaojun/data/kitti/training/dino_03/0006/000000.parquet",
      "backward_flow_path": null,
      "forward_flow_path": "/data/shanxiaojun/data/kitti/training/dino_correspondences_03/0006/000000.parquet",
      "backward_neighbor_index": null,
      "forward_neighbor_index": 3,
      "c2w": [
        [
          0.9600309444192228,
          -0.014501453387538936,
          -0.27951813287445815,
          0.3433436778050993
        ],
        [
          -0.2794034564960682,
          0.009450150849983088,
          -0.9601273174682009,
          -0.6042785567519787
        ],
        [
          0.01656472818748415,
          0.9998501625029376,
          0.005020681003973508,
          0.05892836514583299
        ]
      ],
      "W": 1242,
      "H": 375,
      "intrinsics": [
        721.5377,
        721.5377,
        609.5593,
        172.854
      ],
      "time": -1.0,
      "video_id": 0,
      "is_val": true,
      "static_mask_path": "/data/shanxiaojun/data/kitti/training/all-false.png"
    },
    {
      "image_index": 2,
      "rgb_path": "/data/shanxiaojun/data/kitti/training/image_02/0006/000001.png",
      "depth_path": "/data/shanxiaojun/data/kitti/training/depth_02/0006/000001.parquet",
      "feature_path": "/data/shanxiaojun/data/kitti/training/dino_02/0006/000001.parquet",
      "backward_flow_path": "/data/shanxiaojun/data/kitti/training/dino_correspondences_02/0006/000000.parquet",
      "forward_flow_path": "/data/shanxiaojun/data/kitti/training/dino_correspondences_02/0006/000001.parquet",
      "backward_neighbor_index": 0,
      "forward_neighbor_index": 4,
      "c2w": [
        [
          0.9600083291850844,
          -0.014582896331372117,
          -0.2795915592910583,
          0.3375100879393867
        ],
        [
          -0.2794769309169379,
          0.009423194941419286,
          -0.9601061978164798,
          -0.6025840932237315
        ],
        [
          0.01663577304642194,
          0.999849232379699,
          0.004970762479536586,
          0.058807269159483436
        ]
      ],
      "W": 1242,
      "H": 375,
      "intrinsics": [
        721.5377,
        721.5377,
        609.5593,
        172.854
      ],
      "time": -0.9925650557620818,
      "video_id": 0,
      "is_val": true,
      "static_mask_path": "/data/shanxiaojun/data/kitti/training/static_02/0006/000001.png",
      "sky_mask_path": "/data/shanxiaojun/data/kitti/training/sky_02/0006/000001.png"
    },
    {
      "image_index": 3,
      "rgb_path": "/data/shanxiaojun/data/kitti/training/image_03/0006/000001.png",
      "depth_path": "/data/shanxiaojun/data/kitti/training/depth_03/0006/000001.parquet",
      "feature_path": "/data/shanxiaojun/data/kitti/training/dino_03/0006/000001.parquet",
      "backward_flow_path": "/data/shanxiaojun/data/kitti/training/dino_correspondences_03/0006/000000.parquet",
      "forward_flow_path": "/data/shanxiaojun/data/kitti/training/dino_correspondences_03/0006/000001.parquet",
      "backward_neighbor_index": 1,
      "forward_neighbor_index": 5,
      "c2w": [
        [
          0.9600083291850844,
          -0.014582896331372117,
          -0.2795915592910583,
          0.3433368918279328
        ],
        [
          -0.2794769309169379,
          0.009423194941419286,
          -0.9601061978164798,
          -0.6042800361206977
        ],
        [
          0.01663577304642194,
          0.999849232379699,
          0.004970762479536586,
          0.05893960971219801
        ]
      ],
      "W": 1242,
      "H": 375,
      "intrinsics": [
        721.5377,
        721.5377,
        609.5593,
        172.854
      ],
      "time": -0.9925650557620818,
      "video_id": 0,
      "is_val": true,
      "static_mask_path": "/data/shanxiaojun/data/kitti/training/all-false.png"
    },
    {
      "image_index": 4,
      "rgb_path": "/data/shanxiaojun/data/kitti/training/image_02/0006/000002.png",
      "depth_path": "/data/shanxiaojun/data/kitti/training/depth_02/0006/000002.parquet",
      "feature_path": "/data/shanxiaojun/data/kitti/training/dino_02/0006/000002.parquet",
      "backward_flow_path": "/data/shanxiaojun/data/kitti/training/dino_correspondences_02/0006/000001.parquet",
      "forward_flow_path": "/data/shanxiaojun/data/kitti/training/dino_correspondences_02/0006/000002.parquet",
      "backward_neighbor_index": 2,
      "forward_neighbor_index": 6,
      "c2w": [
        [
          0.9600106519033984,
          -0.014577521809432756,
          -0.27958386413922276,
          0.3375002525234923
        ],
        [
          -0.2794690128880251,
          0.009438152364487744,
          -0.9601083557174349,
          -0.6025785746504142
        ],
        [
          0.016634753732627582,
          0.9998491696733209,
          0.004986761132719756,
          0.05881315294985073
        ]
      ],
      "W": 1242,
      "H": 375,
      "intrinsics": [
        721.5377,
        721.5377,
        609.5593,
        172.854
      ],
      "time": -0.9851301115241635,
      "video_id": 0,
      "is_val": true,
      "static_mask_path": "/data/shanxiaojun/data/kitti/training/static_02/0006/000002.png",
      "sky_mask_path": "/data/shanxiaojun/data/kitti/training/sky_02/0006/000002.png"
    },
    {
      "image_index": 5,
      "rgb_path": "/data/shanxiaojun/data/kitti/training/image_03/0006/000002.png",
      "depth_path": "/data/shanxiaojun/data/kitti/training/depth_03/0006/000002.parquet",
      "feature_path": "/data/shanxiaojun/data/kitti/training/dino_03/0006/000002.parquet",
      "backward_flow_path": "/data/shanxiaojun/data/kitti/training/dino_correspondences_03/0006/000001.parquet",
      "forward_flow_path": "/data/shanxiaojun/data/kitti/training/dino_correspondences_03/0006/000002.parquet",
      "backward_neighbor_index": 3,
      "forward_neighbor_index": 7,
      "c2w": [
        [
          0.9600106519033984,
          -0.014577521809432756,
          -0.27958386413922276,
          0.3433270706797465
        ],
        [
          -0.2794690128880251,
          0.009438152364487744,
          -0.9601083557174349,
          -0.6042744690085209
        ],
        [
          0.016634753732627582,
          0.9998491696733209,
          0.004986761132719756,
          0.058945487310493525
        ]
      ],
      "W": 1242,
      "H": 375,
      "intrinsics": [
        721.5377,
        721.5377,
        609.5593,
        172.854
      ],
      "time": -0.9851301115241635,
      "video_id": 0,
      "is_val": true,
      "static_mask_path": "/data/shanxiaojun/data/kitti/training/all-false.png"
    },
    {
      "image_index": 6,
      "rgb_path": "/data/shanxiaojun/data/kitti/training/image_02/0006/000003.png",
      "depth_path": "/data/shanxiaojun/data/kitti/training/depth_02/0006/000003.parquet",
      "feature_path": "/data/shanxiaojun/data/kitti/training/dino_02/0006/000003.parquet",
      "backward_flow_path": "/data/shanxiaojun/data/kitti/training/dino_correspondences_02/0006/000002.parquet",
      "forward_flow_path": "/data/shanxiaojun/data/kitti/training/dino_correspondences_02/0006/000003.parquet",
      "backward_neighbor_index": 4,
      "forward_neighbor_index": 8,
      "c2w": [
        [
          0.9600031456641515,
          -0.01455242331107507,
          -0.2796109445054681,
          0.33749246493491497
        ],
        [
          -0.27949628314560265,
          0.009434428354796624,
          -0.9601004540531592,
          -0.6025804613677693
        ],
        [
          0.01660975577988791,
          0.999849570433464,
          0.004989732630921041,
          0.05881548115473304
        ]
      ],
      "W": 1242,
      "H": 375,
      "intrinsics": [
        721.5377,
        721.5377,
        609.5593,
        172.854
      ],
      "time": -0.9776951672862454,
      "video_id": 0,
      "is_val": true,
      "static_mask_path": "/data/shanxiaojun/data/kitti/training/static_02/0006/000003.png",
      "sky_mask_path": "/data/shanxiaojun/data/kitti/training/sky_02/0006/000003.png"
    },
    {
      "image_index": 7,
      "rgb_path": "/data/shanxiaojun/data/kitti/training/image_03/0006/000003.png",
      "depth_path": "/data/shanxiaojun/data/kitti/training/depth_03/0006/000003.parquet",
      "feature_path": "/data/shanxiaojun/data/kitti/training/dino_03/0006/000003.parquet",
      "backward_flow_path": "/data/shanxiaojun/data/kitti/training/dino_correspondences_03/0006/000002.parquet",
      "forward_flow_path": "/data/shanxiaojun/data/kitti/training/dino_correspondences_03/0006/000003.parquet",
      "backward_neighbor_index": 5,
      "forward_neighbor_index": 9,
      "c2w": [
        [
          0.9600031456641515,
          -0.01455242331107507,
          -0.2796109445054681,
          0.34331923832086286
        ],
        [
          -0.27949628314560265,
          0.009434428354796624,
          -0.9601004540531592,
          -0.6042765213724278
        ],
        [
          0.01660975577988791,
          0.999849570433464,
          0.004989732630921041,
          0.0589476637908778
        ]
      ],
      "W": 1242,
      "H": 375,
      "intrinsics": [
        721.5377,
        721.5377,
        609.5593,
        172.854
      ],
      "time": -0.9776951672862454,
      "video_id": 0,
      "is_val": true,
      "static_mask_path": "/data/shanxiaojun/data/kitti/training/all-false.png"
    },
    {
      "image_index": 8,
      "rgb_path": "/data/shanxiaojun/data/kitti/training/image_02/0006/000004.png",
      "depth_path": "/data/shanxiaojun/data/kitti/training/depth_02/0006/000004.parquet",
      "feature_path": "/data/shanxiaojun/data/kitti/training/dino_02/0006/000004.parquet",
      "backward_flow_path": "/data/shanxiaojun/data/kitti/training/dino_correspondences_02/0006/000003.parquet",
      "forward_flow_path": "/data/shanxiaojun/data/kitti/training/dino_correspondences_02/0006/000004.parquet",
      "backward_neighbor_index": 6,
      "forward_neighbor_index": 10,
      "c2w": [
        [
          0.9600211402914033,
          -0.014568257426464514,
          -0.2795483304672005,
          0.3374821794892972
        ],
        [
          -0.27943316173674676,
          0.00945980384761372,
          -0.9601185774868163,
          -0.6025809561425958
        ],
        [
          0.016631725098115425,
          0.9998491000872632,
          0.005010757402230479,
          0.05881754094323057
        ]
      ],
      "W": 1242,
      "H": 375,
      "intrinsics": [
        721.5377,
        721.5377,
        609.5593,
        172.854
      ],
      "time": -0.9702602230483272,
      "video_id": 0,
      "is_val": true,
      "static_mask_path": "/data/shanxiaojun/data/kitti/training/static_02/0006/000004.png",
      "sky_mask_path": "/data/shanxiaojun/data/kitti/training/sky_02/0006/000004.png"
    },
    {
      "image_index": 9,
      "rgb_path": "/data/shanxiaojun/data/kitti/training/image_03/0006/000004.png",
      "depth_path": "/data/shanxiaojun/data/kitti/training/depth_03/0006/000004.parquet",
      "feature_path": "/data/shanxiaojun/data/kitti/training/dino_03/0006/000004.parquet",
      "backward_flow_path": "/data/shanxiaojun/data/kitti/training/dino_correspondences_03/0006/000003.parquet",
      "forward_flow_path": "/data/shanxiaojun/data/kitti/training/dino_correspondences_03/0006/000004.parquet",
      "backward_neighbor_index": 7,
      "forward_neighbor_index": 11,
      "c2w": [
        [
          0.9600211402914033,
          -0.014568257426464514,
          -0.2795483304672005,
          0.34330906159422536
        ],
        [
          -0.27943316173674676,
          0.00945980384761372,
          -0.9601185774868163,
          -0.6042766322084834
        ],
        [
          0.016631725098115425,
          0.9998491000872632,
          0.005010757402230479,
          0.05894985691363644
        ]
      ],
      "W": 1242,
      "H": 375,
      "intrinsics": [
        721.5377,
        721.5377,
        609.5593,
        172.854
      ],
      "time": -0.9702602230483272,
      "video_id": 0,
      "is_val": true,
      "static_mask_path": "/data/shanxiaojun/data/kitti/training/all-false.png"
    },
    {
      "image_index": 10,
      "rgb_path": "/data/shanxiaojun/data/kitti/training/image_02/0006/000005.png",
      "depth_path": "/data/shanxiaojun/data/kitti/training/depth_02/0006/000005.parquet",
      "feature_path": "/data/shanxiaojun/data/kitti/training/dino_02/0006/000005.parquet",
      "backward_flow_path": "/data/shanxiaojun/data/kitti/training/dino_correspondences_02/0006/000004.parquet",
      "forward_flow_path": "/data/shanxiaojun/data/kitti/training/dino_correspondences_02/0006/000005.parquet",
      "backward_neighbor_index": 8,
      "forward_neighbor_index": 12,
      "c2w": [
        [
          0.9600185986289038,
          -0.014550708638946546,
          -0.279557972811252,
          0.3374795337646276
        ],
        [
          -0.27944249062564747,
          0.009484016207617095,
          -0.9601156234912692,
          -0.6025838807574491
        ],
        [
          0.016621693170991412,
          0.9998491262551901,
          0.005038745646016373,
          0.05883072715989225
        ]
      ],
      "W": 1242,
      "H": 375,
      "intrinsics": [
        721.5377,
        721.5377,
        609.5593,
        172.854
      ],
      "time": -0.9628252788104089,
      "video_id": 0,
      "is_val": true,
      "static_mask_path": "/data/shanxiaojun/data/kitti/training/static_02/0006/000005.png",
      "sky_mask_path": "/data/shanxiaojun/data/kitti/training/sky_02/0006/000005.png"
    },
    {
      "image_index": 11,
      "rgb_path": "/data/shanxiaojun/data/kitti/training/image_03/0006/000005.png",
      "depth_path": "/data/shanxiaojun/data/kitti/training/depth_03/0006/000005.parquet",
      "feature_path": "/data/shanxiaojun/data/kitti/training/dino_03/0006/000005.parquet",
      "backward_flow_path": "/data/shanxiaojun/data/kitti/training/dino_correspondences_03/0006/000004.parquet",
      "forward_flow_path": "/data/shanxiaojun/data/kitti/training/dino_correspondences_03/0006/000005.parquet",
      "backward_neighbor_index": 9,
      "forward_neighbor_index": 13,
      "c2w": [
        [
          0.9600185986289038,
          -0.014550708638946546,
          -0.279557972811252,
          0.34330640099431603
        ],
        [
          -0.27944249062564747,
          0.009484016207617095,
          -0.9601156234912692,
          -0.6042796126897175
        ],
        [
          0.016621693170991412,
          0.9998491262551901,
          0.005038745646016373,
          0.05896298223264515
        ]
      ],
      "W": 1242,
      "H": 375,
      "intrinsics": [
        721.5377,
        721.5377,
        609.5593,
        172.854
      ],
      "time": -0.9628252788104089,
      "video_id": 0,
      "is_val": true,
      "static_mask_path": "/data/shanxiaojun/data/kitti/training/all-false.png"
    },
    {
      "image_index": 12,
      "rgb_path": "/data/shanxiaojun/data/kitti/training/image_02/0006/000006.png",
      "depth_path": "/data/shanxiaojun/data/kitti/training/depth_02/0006/000006.parquet",
      "feature_path": "/data/shanxiaojun/data/kitti/training/dino_02/0006/000006.parquet",
      "backward_flow_path": "/data/shanxiaojun/data/kitti/training/dino_correspondences_02/0006/000005.parquet",
      "forward_flow_path": "/data/shanxiaojun/data/kitti/training/dino_correspondences_02/0006/000006.parquet",
      "backward_neighbor_index": 10,
      "forward_neighbor_index": 14,
      "c2w": [
        [
          0.9600258989517924,
          -0.014587638007976762,
          -0.27953097709802105,
          0.33747314301730025
        ],
        [
          -0.27941603668269543,
          0.009440154236380581,
          -0.9601237548017014,
          -0.6025836620513656
        ],
        [
          0.01664475144535538,
          0.9998490032319534,
          0.004986772519237416,
          0.05884360686420431
        ]
      ],
      "W": 1242,
      "H": 375,
      "intrinsics": [
        721.5377,
        721.5377,
        609.5593,
        172.854
      ],
      "time": -0.9553903345724907,
      "video_id": 0,
      "is_val": true,
      "static_mask_path": "/data/shanxiaojun/data/kitti/training/static_02/0006/000006.png",
      "sky_mask_path": "/data/shanxiaojun/data/kitti/training/sky_02/0006/000006.png"
    },
    {
      "image_index": 13,
      "rgb_path": "/data/shanxiaojun/data/kitti/training/image_03/0006/000006.png",
      "depth_path": "/data/shanxiaojun/data/kitti/training/depth_03/0006/000006.parquet",
      "feature_path": "/data/shanxiaojun/data/kitti/training/dino_03/0006/000006.parquet",
      "backward_flow_path": "/data/shanxiaojun/data/kitti/training/dino_correspondences_03/0006/000005.parquet",
      "forward_flow_path": "/data/shanxiaojun/data/kitti/training/dino_correspondences_03/0006/000006.parquet",
      "backward_neighbor_index": 11,
      "forward_neighbor_index": 15,
      "c2w": [
        [
          0.9600258989517924,
          -0.014587638007976762,
          -0.27953097709802105,
          0.34330005339499986
        ],
        [
          -0.27941603668269543,
          0.009440154236380581,
          -0.9601237548017014,
          -0.6042792347838154
        ],
        [
          0.01664475144535538,
          0.9998490032319534,
          0.004986772519237416,
          0.05897600190532226
        ]
      ],
      "W": 1242,
      "H": 375,
      "intrinsics": [
        721.5377,
        721.5377,
        609.5593,
        172.854
      ],
      "time": -0.9553903345724907,
      "video_id": 0,
      "is_val": true,
      "static_mask_path": "/data/shanxiaojun/data/kitti/training/all-false.png"
    },
    {
      "image_index": 14,
      "rgb_path": "/data/shanxiaojun/data/kitti/training/image_02/0006/000007.png",
      "depth_path": "/data/shanxiaojun/data/kitti/training/depth_02/0006/000007.parquet",
      "feature_path": "/data/shanxiaojun/data/kitti/training/dino_02/0006/000007.parquet",
      "backward_flow_path": "/data/shanxiaojun/data/kitti/training/dino_correspondences_02/0006/000006.parquet",
      "forward_flow_path": "/data/shanxiaojun/data/kitti/training/dino_correspondences_02/0006/000007.parquet",
      "backward_neighbor_index": 12,
      "forward_neighbor_index": 16,
      "c2w": [
        [
          0.9600201123575283,
          -0.014537869817684079,
          -0.279553442489851,
          0.33746529599143554
        ],
        [
          -0.27943883205566905,
          0.009435387761628562,
          -0.9601171674330274,
          -0.6025838334761004
        ],
        [
          0.016595751647413143,
          0.9998497730947088,
          0.0049957166156561535,
          0.05885092366655195
        ]
      ],
      "W": 1242,
      "H": 375,
      "intrinsics": [
        721.5377,
        721.5377,
        609.5593,
        172.854
      ],
      "time": -0.9479553903345725,
      "video_id": 0,
      "is_val": true,
      "static_mask_path": "/data/shanxiaojun/data/kitti/training/static_02/0006/000007.png",
      "sky_mask_path": "/data/shanxiaojun/data/kitti/training/sky_02/0006/000007.png"
    },
    {
      "image_index": 15,
      "rgb_path": "/data/shanxiaojun/data/kitti/training/image_03/0006/000007.png",
      "depth_path": "/data/shanxiaojun/data/kitti/training/depth_03/0006/000007.parquet",
      "feature_path": "/data/shanxiaojun/data/kitti/training/dino_03/0006/000007.parquet",
      "backward_flow_path": "/data/shanxiaojun/data/kitti/training/dino_correspondences_03/0006/000006.parquet",
      "forward_flow_path": "/data/shanxiaojun/data/kitti/training/dino_correspondences_03/0006/000007.parquet",
      "backward_neighbor_index": 13,
      "forward_neighbor_index": 17,
      "c2w": [
        [
          0.9600201123575283,
          -0.014537869817684079,
          -0.279553442489851,
          0.3432921728116344
        ],
        [
          -0.27943883205566905,
          0.009435387761628562,
          -0.9601171674330274,
          -0.6042795447204575
        ],
        [
          0.016595751647413143,
          0.9998497730947088,
          0.0049957166156561535,
          0.05898302130346558
        ]
      ],
      "W": 1242,
      "H": 375,
      "intrinsics": [
        721.5377,
        721.5377,
        609.5593,
        172.854
      ],
      "time": -0.9479553903345725,
      "video_id": 0,
      "is_val": true,
      "static_mask_path": "/data/shanxiaojun/data/kitti/training/all-false.png"
    },
    {
      "image_index": 16,
      "rgb_path": "/data/shanxiaojun/data/kitti/training/image_02/0006/000008.png",
      "depth_path": "/data/shanxiaojun/data/kitti/training/depth_02/0006/000008.parquet",
      "feature_path": "/data/shanxiaojun/data/kitti/training/dino_02/0006/000008.parquet",
      "backward_flow_path": "/data/shanxiaojun/data/kitti/training/dino_correspondences_02/0006/000007.parquet",
      "forward_flow_path": "/data/shanxiaojun/data/kitti/training/dino_correspondences_02/0006/000008.parquet",
      "backward_neighbor_index": 14,
      "forward_neighbor_index": 18,
      "c2w": [
        [
          0.9600202825716302,
          -0.014528520088693707,
          -0.2795533440201345,
          0.337459482112642
        ],
        [
          -0.27943801315696554,
          0.009481613608832325,
          -0.9601169503808837,
          -0.6025833510057793
        ],
        [
          0.016599693319913626,
          0.999849471703613,
          0.005042720547762256,
          0.05885704461137528
        ]
      ],
      "W": 1242,
      "H": 375,
      "intrinsics": [
        721.5377,
        721.5377,
        609.5593,
        172.854
      ],
      "time": -0.9405204460966543,
      "video_id": 0,
      "is_val": true,
      "static_mask_path": "/data/shanxiaojun/data/kitti/training/static_02/0006/000008.png",
      "sky_mask_path": "/data/shanxiaojun/data/kitti/training/sky_02/0006/000008.png"
    },
    {
      "image_index": 17,
      "rgb_path": "/data/shanxiaojun/data/kitti/training/image_03/0006/000008.png",
      "depth_path": "/data/shanxiaojun/data/kitti/training/depth_03/0006/000008.parquet",
      "feature_path": "/data/shanxiaojun/data/kitti/training/dino_03/0006/000008.parquet",
      "backward_flow_path": "/data/shanxiaojun/data/kitti/training/dino_correspondences_03/0006/000007.parquet",
      "forward_flow_path": "/data/shanxiaojun/data/kitti/training/dino_correspondences_03/0006/000008.parquet",
      "backward_neighbor_index": 15,
      "forward_neighbor_index": 19,
      "c2w": [
        [
          0.9600202825716302,
          -0.014528520088693707,
          -0.2795533440201345,
          0.34328636025800263
        ],
        [
          -0.27943801315696554,
          0.009481613608832325,
          -0.9601169503808837,
          -0.6042790558352391
        ],
        [
          0.016599693319913626,
          0.999849471703613,
          0.005042720547762256,
          0.05898916615606392
        ]
      ],
      "W": 1242,
      "H": 375,
      "intrinsics": [
        721.5377,
        721.5377,
        609.5593,
        172.854
      ],
      "time": -0.9405204460966543,
      "video_id": 0,
      "is_val": true,
      "static_mask_path": "/data/shanxiaojun/data/kitti/training/all-false.png"
    },
    {
      "image_index": 18,
      "rgb_path": "/data/shanxiaojun/data/kitti/training/image_02/0006/000009.png",
      "depth_path": "/data/shanxiaojun/data/kitti/training/depth_02/0006/000009.parquet",
      "feature_path": "/data/shanxiaojun/data/kitti/training/dino_02/0006/000009.parquet",
      "backward_flow_path": "/data/shanxiaojun/data/kitti/training/dino_correspondences_02/0006/000008.parquet",
      "forward_flow_path": "/data/shanxiaojun/data/kitti/training/dino_correspondences_02/0006/000009.parquet",
      "backward_neighbor_index": 16,
      "forward_neighbor_index": 20,
      "c2w": [
        [
          0.9600122947590389,
          -0.014588862857103889,
          -0.27957763141794767,
          0.33745160656860557
        ],
        [
          -0.2794609337724084,
          0.009545527509605425,
          -0.9601096458230644,
          -0.6025819858848438
        ],
        [
          0.016675622053707272,
          0.9998479849175519,
          0.005086806492364629,
          0.058863400493820835
        ]
      ],
      "W": 1242,
      "H": 375,
      "intrinsics": [
        721.5377,
        721.5377,
        609.5593,
        172.854
      ],
      "time": -0.9330855018587361,
      "video_id": 0,
      "is_val": true,
      "static_mask_path": "/data/shanxiaojun/data/kitti/training/static_02/0006/000009.png",
      "sky_mask_path": "/data/shanxiaojun/data/kitti/training/sky_02/0006/000009.png"
    },
    {
      "image_index": 19,
      "rgb_path": "/data/shanxiaojun/data/kitti/training/image_03/0006/000009.png",
      "depth_path": "/data/shanxiaojun/data/kitti/training/depth_03/0006/000009.parquet",
      "feature_path": "/data/shanxiaojun/data/kitti/training/dino_03/0006/000009.parquet",
      "backward_flow_path": "/data/shanxiaojun/data/kitti/training/dino_correspondences_03/0006/000008.parquet",
      "forward_flow_path": "/data/shanxiaojun/data/kitti/training/dino_correspondences_03/0006/000009.parquet",
      "backward_neighbor_index": 17,
      "forward_neighbor_index": 21,
      "c2w": [
        [
          0.9600122947590389,
          -0.014588862857103889,
          -0.27957763141794767,
          0.3432784343392469
        ],
        [
          -0.2794609337724084,
          0.009545527509605425,
          -0.9601096458230644,
          -0.6042778278413571
        ],
        [
          0.016675622053707272,
          0.9998479849175519,
          0.005086806492364629,
          0.058995982868084884
        ]
      ],
      "W": 1242,
      "H": 375,
      "intrinsics": [
        721.5377,
        721.5377,
        609.5593,
        172.854
      ],
      "time": -0.9330855018587361,
      "video_id": 0,
      "is_val": true,
      "static_mask_path": "/data/shanxiaojun/data/kitti/training/all-false.png"
    },
    {
      "image_index": 20,
      "rgb_path": "/data/shanxiaojun/data/kitti/training/image_02/0006/000010.png",
      "depth_path": "/data/shanxiaojun/data/kitti/training/depth_02/0006/000010.parquet",
      "feature_path": "/data/shanxiaojun/data/kitti/training/dino_02/0006/000010.parquet",
      "backward_flow_path": "/data/shanxiaojun/data/kitti/training/dino_correspondences_02/0006/000009.parquet",
      "forward_flow_path": "/data/shanxiaojun/data/kitti/training/dino_correspondences_02/0006/000010.parquet",
      "backward_neighbor_index": 18,
      "forward_neighbor_index": 22,
      "c2w": [
        [
          0.9600146023999657,
          -0.014558561962943172,
          -0.2795712868836318,
          0.33743451701803234
        ],
        [
          -0.2794554470325927,
          0.009503219735065165,
          -0.9601116625378852,
          -0.6025791282258135
        ],
        [
          0.0166346706306301,
          0.9998488295971683,
          0.005054760233566958,
          0.05885342739982733
        ]
      ],
      "W": 1242,
      "H": 375,
      "intrinsics": [
        721.5377,
        721.5377,
        609.5593,
        172.854
      ],
      "time": -0.9256505576208178,
      "video_id": 0,
      "is_val": true,
      "static_mask_path": "/data/shanxiaojun/data/kitti/training/static_02/0006/000010.png",
      "sky_mask_path": "/data/shanxiaojun/data/kitti/training/sky_02/0006/000010.png"
    },
    {
      "image_index": 21,
      "rgb_path": "/data/shanxiaojun/data/kitti/training/image_03/0006/000010.png",
      "depth_path": "/data/shanxiaojun/data/kitti/training/depth_03/0006/000010.parquet",
      "feature_path": "/data/shanxiaojun/data/kitti/training/dino_03/0006/000010.parquet",
      "backward_flow_path": "/data/shanxiaojun/data/kitti/training/dino_correspondences_03/0006/000009.parquet",
      "forward_flow_path": "/data/shanxiaojun/data/kitti/training/dino_correspondences_03/0006/000010.parquet",
      "backward_neighbor_index": 19,
      "forward_neighbor_index": 23,
      "c2w": [
        [
          0.9600146023999657,
          -0.014558561962943172,
          -0.2795712868836318,
          0.3432613597448291
        ],
        [
          -0.2794554470325927,
          0.009503219735065165,
          -0.9601116625378852,
          -0.6042749381980411
        ],
        [
          0.0166346706306301,
          0.9998488295971683,
          0.005054760233566958,
          0.058985761232996065
        ]
      ],
      "W": 1242,
      "H": 375,
      "intrinsics": [
        721.5377,
        721.5377,
        609.5593,
        172.854
      ],
      "time": -0.9256505576208178,
      "video_id": 0,
      "is_val": true,
      "static_mask_path": "/data/shanxiaojun/data/kitti/training/all-false.png"
    },
    {
      "image_index": 22,
      "rgb_path": "/data/shanxiaojun/data/kitti/training/image_02/0006/000011.png",
      "depth_path": "/data/shanxiaojun/data/kitti/training/depth_02/0006/000011.parquet",
      "feature_path": "/data/shanxiaojun/data/kitti/training/dino_02/0006/000011.parquet",
      "backward_flow_path": "/data/shanxiaojun/data/kitti/training/dino_correspondences_02/0006/000010.parquet",
      "forward_flow_path": "/data/shanxiaojun/data/kitti/training/dino_correspondences_02/0006/000011.parquet",
      "backward_neighbor_index": 20,
      "forward_neighbor_index": 24,
      "c2w": [
        [
          0.9600068596426633,
          -0.01457647658617781,
          -0.27959693983697675,
          0.3374203773054872
        ],
        [
          -0.27948037907696793,
          0.009541214055150259,
          -0.9601040285034899,
          -0.6025709417927164
        ],
        [
          0.01666262627457244,
          0.999848206741041,
          0.00508579170024488,
          0.05884233950442951
        ]
      ],
      "W": 1242,
      "H": 375,
      "intrinsics": [
        721.5377,
        721.5377,
        609.5593,
        172.854
      ],
      "time": -0.9182156133828996,
      "video_id": 0,
      "is_val": true,
      "static_mask_path": "/data/shanxiaojun/data/kitti/training/static_02/0006/000011.png",
      "sky_mask_path": "/data/shanxiaojun/data/kitti/training/sky_02/0006/000011.png"
    },
    {
      "image_index": 23,
      "rgb_path": "/data/shanxiaojun/data/kitti/training/image_03/0006/000011.png",
      "depth_path": "/data/shanxiaojun/data/kitti/training/depth_03/0006/000011.parquet",
      "feature_path": "/data/shanxiaojun/data/kitti/training/dino_03/0006/000011.parquet",
      "backward_flow_path": "/data/shanxiaojun/data/kitti/training/dino_correspondences_03/0006/000010.parquet",
      "forward_flow_path": "/data/shanxiaojun/data/kitti/training/dino_correspondences_03/0006/000011.parquet",
      "backward_neighbor_index": 21,
      "forward_neighbor_index": 25,
      "c2w": [
        [
          0.9600068596426633,
          -0.01457647658617781,
          -0.27959693983697675,
          0.3432471724776788
        ],
        [
          -0.27948037907696793,
          0.009541214055150259,
          -0.9601040285034899,
          -0.6042669019181126
        ],
        [
          0.01666262627457244,
          0.999848206741041,
          0.00508579170024488,
          0.05897484300200063
        ]
      ],
      "W": 1242,
      "H": 375,
      "intrinsics": [
        721.5377,
        721.5377,
        609.5593,
        172.854
      ],
      "time": -0.9182156133828996,
      "video_id": 0,
      "is_val": true,
      "static_mask_path": "/data/shanxiaojun/data/kitti/training/all-false.png"
    },
    {
      "image_index": 24,
      "rgb_path": "/data/shanxiaojun/data/kitti/training/image_02/0006/000012.png",
      "depth_path": "/data/shanxiaojun/data/kitti/training/depth_02/0006/000012.parquet",
      "feature_path": "/data/shanxiaojun/data/kitti/training/dino_02/0006/000012.parquet",
      "backward_flow_path": "/data/shanxiaojun/data/kitti/training/dino_correspondences_02/0006/000011.parquet",
      "forward_flow_path": "/data/shanxiaojun/data/kitti/training/dino_correspondences_02/0006/000012.parquet",
      "backward_neighbor_index": 22,
      "forward_neighbor_index": 26,
      "c2w": [
        [
          0.9599980357834021,
          -0.014614938990501727,
          -0.2796252274859746,
          0.3374112464830311
        ],
        [
          -0.2795074072365824,
          0.009605058620345813,
          -0.9600955237644824,
          -0.6025681656278208
        ],
        [
          0.016717552339777758,
          0.9998470339835952,
          0.0051358536653379,
          0.05884204319206043
        ]
      ],
      "W": 1242,
      "H": 375,
      "intrinsics": [
        721.5377,
        721.5377,
        609.5593,
        172.854
      ],
      "time": -0.9107806691449815,
      "video_id": 0,
      "is_val": true,
      "static_mask_path": "/data/shanxiaojun/data/kitti/training/static_02/0006/000012.png",
      "sky_mask_path": "/data/shanxiaojun/data/kitti/training/sky_02/0006/000012.png"
    },
    {
      "image_index": 25,
      "rgb_path": "/data/shanxiaojun/data/kitti/training/image_03/0006/000012.png",
      "depth_path": "/data/shanxiaojun/data/kitti/training/depth_03/0006/000012.parquet",
      "feature_path": "/data/shanxiaojun/data/kitti/training/dino_03/0006/000012.parquet",
      "backward_flow_path": "/data/shanxiaojun/data/kitti/training/dino_correspondences_03/0006/000011.parquet",
      "forward_flow_path": "/data/shanxiaojun/data/kitti/training/dino_correspondences_03/0006/000012.parquet",
      "backward_neighbor_index": 23,
      "forward_neighbor_index": 27,
      "c2w": [
        [
          0.9599980357834021,
          -0.014614938990501727,
          -0.2796252274859746,
          0.3432379868938066
        ],
        [
          -0.2795074072365824,
          0.009605058620345813,
          -0.9600955237644824,
          -0.6042642878076383
        ],
        [
          0.016717552339777758,
          0.9998470339835952,
          0.0051358536653379,
          0.058974880042648996
        ]
      ],
      "W": 1242,
      "H": 375,
      "intrinsics": [
        721.5377,
        721.5377,
        609.5593,
        172.854
      ],
      "time": -0.9107806691449815,
      "video_id": 0,
      "is_val": true,
      "static_mask_path": "/data/shanxiaojun/data/kitti/training/all-false.png"
    },
    {
      "image_index": 26,
      "rgb_path": "/data/shanxiaojun/data/kitti/training/image_02/0006/000013.png",
      "depth_path": "/data/shanxiaojun/data/kitti/training/depth_02/0006/000013.parquet",
      "feature_path": "/data/shanxiaojun/data/kitti/training/dino_02/0006/000013.parquet",
      "backward_flow_path": "/data/shanxiaojun/data/kitti/training/dino_correspondences_02/0006/000012.parquet",
      "forward_flow_path": "/data/shanxiaojun/data/kitti/training/dino_correspondences_02/0006/000013.parquet",
      "backward_neighbor_index": 24,
      "forward_neighbor_index": 28,
      "c2w": [
        [
          0.9600011458639558,
          -0.01460388208108888,
          -0.27961512756738915,
          0.33739918595731266
        ],
        [
          -0.27949910712483467,
          0.009500594345361171,
          -0.9600989794949273,
          -0.6025664470667331
        ],
        [
          0.016677680313882302,
          0.99984819362433,
          0.005038809415173864,
          0.05883774859769203
        ]
      ],
      "W": 1242,
      "H": 375,
      "intrinsics": [
        721.5377,
        721.5377,
        609.5593,
        172.854
      ],
      "time": -0.9033457249070632,
      "video_id": 0,
      "is_val": true,
      "static_mask_path": "/data/shanxiaojun/data/kitti/training/static_02/0006/000013.png",
      "sky_mask_path": "/data/shanxiaojun/data/kitti/training/sky_02/0006/000013.png"
    },
    {
      "image_index": 27,
      "rgb_path": "/data/shanxiaojun/data/kitti/training/image_03/0006/000013.png",
      "depth_path": "/data/shanxiaojun/data/kitti/training/depth_03/0006/000013.parquet",
      "feature_path": "/data/shanxiaojun/data/kitti/training/dino_03/0006/000013.parquet",
      "backward_flow_path": "/data/shanxiaojun/data/kitti/training/dino_correspondences_03/0006/000012.parquet",
      "forward_flow_path": "/data/shanxiaojun/data/kitti/training/dino_correspondences_03/0006/000013.parquet",
      "backward_neighbor_index": 25,
      "forward_neighbor_index": 29,
      "c2w": [
        [
          0.9600011458639558,
          -0.01460388208108888,
          -0.27961512756738915,
          0.34322594559022995
        ],
        [
          -0.27949910712483467,
          0.009500594345361171,
          -0.9600989794949273,
          -0.6042625221456046
        ],
        [
          0.016677680313882302,
          0.99984819362433,
          0.005038809415173864,
          0.05897034348079507
        ]
      ],
      "W": 1242,
      "H": 375,
      "intrinsics": [
        721.5377,
        721.5377,
        609.5593,
        172.854
      ],
      "time": -0.9033457249070632,
      "video_id": 0,
      "is_val": true,
      "static_mask_path": "/data/shanxiaojun/data/kitti/training/all-false.png"
    },
    {
      "image_index": 28,
      "rgb_path": "/data/shanxiaojun/data/kitti/training/image_02/0006/000014.png",
      "depth_path": "/data/shanxiaojun/data/kitti/training/depth_02/0006/000014.parquet",
      "feature_path": "/data/shanxiaojun/data/kitti/training/dino_02/0006/000014.parquet",
      "backward_flow_path": "/data/shanxiaojun/data/kitti/training/dino_correspondences_02/0006/000013.parquet",
      "forward_flow_path": "/data/shanxiaojun/data/kitti/training/dino_correspondences_02/0006/000014.parquet",
      "backward_neighbor_index": 26,
      "forward_neighbor_index": 30,
      "c2w": [
        [
          0.959991067474376,
