{
  "origin": [
    615039.9193213352,
    4116932.8690564493,
    112.8204500669973
  ],
  "scene_bounds": [
    [
      -0.5890794485081419,
      -0.8059364223097555,
      -0.05875275767597574
    ],
    [
      0.5890794485095484,
      0.8059364223153818,
      0.05875275767597557
    ]
  ],
  "pose_scale_factor": 82.76610970407184,
  "frames": [
    {
      "image_index": 0,
      "rgb_path": "../../../../data2/shanxiaojun/kitti/training/image_02/0000/000000.png",
      "depth_path": "../../../../data2/shanxiaojun/kitti/training/depth_02/0000/000000.parquet",
      "feature_path": "../../../../data2/shanxiaojun/kitti/training/dino_02/0000/000000.parquet",
      "backward_flow_path": null,
      "forward_flow_path": "../../../../data2/shanxiaojun/kitti/training/dino_correspondences_02/0000/000000.parquet",
      "backward_neighbor_index": null,
      "forward_neighbor_index": 2,
      "c2w": [
        [
          -0.9392566839386784,
          -0.01997213888073189,
          -0.3426340424955667,
          -0.445039794139971
        ],
        [
          -0.3427334604748388,
          0.0016806450142928843,
          0.9394312184361221,
          0.8059364223153818
        ],
        [
          -0.018186608034478247,
          0.9997990968486887,
          -0.00842367751159643,
          0.008916086325760846
        ]
      ],
      "W": 1242,
      "H": 375,
      "intrinsics": [
        721.5377,
        721.5377,
        609.5593,
        172.854
      ],
      "time": -1.0,
      "video_id": 0,
      "is_val": true,
      "static_mask_path": "../../../../data2/shanxiaojun/kitti/training/static_02/0000/000000.png",
      "sky_mask_path": "../../../../data2/shanxiaojun/kitti/training/sky_02/0000/000000.png"
    },
    {
      "image_index": 1,
      "rgb_path": "../../../../data2/shanxiaojun/kitti/training/image_03/0000/000000.png",
      "depth_path": "../../../../data2/shanxiaojun/kitti/training/depth_03/0000/000000.parquet",
      "feature_path": "../../../../data2/shanxiaojun/kitti/training/dino_03/0000/000000.parquet",
      "backward_flow_path": null,
      "forward_flow_path": "../../../../data2/shanxiaojun/kitti/training/dino_correspondences_03/0000/000000.parquet",
      "backward_neighbor_index": null,
      "forward_neighbor_index": 3,
      "c2w": [
        [
          -0.9392566839386784,
          -0.01997213888073189,
          -0.3426340424955667,
          -0.4510857802047549
        ],
        [
          -0.3427334604748388,
          0.0016806450142928843,
          0.9394312184361221,
          0.8037303431939083
        ],
        [
          -0.018186608034478247,
          0.9997990968486887,
          -0.00842367751159643,
          0.008832286995553329
        ]
      ],
      "W": 1242,
      "H": 375,
      "intrinsics": [
        721.5377,
        721.5377,
        609.5593,
        172.854
      ],
      "time": -1.0,
      "video_id": 0,
      "is_val": true,
      "static_mask_path": "../../../../data2/shanxiaojun/kitti/training/all-false.png"
    },
    {
      "image_index": 2,
      "rgb_path": "../../../../data2/shanxiaojun/kitti/training/image_02/0000/000001.png",
      "depth_path": "../../../../data2/shanxiaojun/kitti/training/depth_02/0000/000001.parquet",
      "feature_path": "../../../../data2/shanxiaojun/kitti/training/dino_02/0000/000001.parquet",
      "backward_flow_path": "../../../../data2/shanxiaojun/kitti/training/dino_correspondences_02/0000/000000.parquet",
      "forward_flow_path": "../../../../data2/shanxiaojun/kitti/training/dino_correspondences_02/0000/000001.parquet",
      "backward_neighbor_index": 0,
      "forward_neighbor_index": 4,
      "c2w": [
        [
          -0.9337343809506,
          -0.01883432644035406,
          -0.35747092938104474,
          -0.4434659069091704
        ],
        [
          -0.3574831690242357,
          -0.0028282580395514144,
          0.9339153328059946,
          0.8021170831089295
        ],
        [
          -0.018600689759518504,
          0.999818590576605,
          -0.004092113069217727,
          0.009002853207644077
        ]
      ],
      "W": 1242,
      "H": 375,
      "intrinsics": [
        721.5377,
        721.5377,
        609.5593,
        172.854
      ],
      "time": -0.9869281045751634,
      "video_id": 0,
      "is_val": true,
      "static_mask_path": "../../../../data2/shanxiaojun/kitti/training/static_02/0000/000001.png",
      "sky_mask_path": "../../../../data2/shanxiaojun/kitti/training/sky_02/0000/000001.png"
    },
    {
      "image_index": 3,
      "rgb_path": "../../../../data2/shanxiaojun/kitti/training/image_03/0000/000001.png",
      "depth_path": "../../../../data2/shanxiaojun/kitti/training/depth_03/0000/000001.parquet",
      "feature_path": "../../../../data2/shanxiaojun/kitti/training/dino_03/0000/000001.parquet",
      "backward_flow_path": "../../../../data2/shanxiaojun/kitti/training/dino_correspondences_03/0000/000000.parquet",
      "forward_flow_path": "../../../../data2/shanxiaojun/kitti/training/dino_correspondences_03/0000/000001.parquet",
      "backward_neighbor_index": 1,
      "forward_neighbor_index": 5,
      "c2w": [
        [
          -0.9337343809506,
          -0.01883432644035406,
          -0.35747092938104474,
          -0.4494763087733813
        ],
        [
          -0.3574831690242357,
          -0.0028282580395514144,
          0.9339153328059946,
          0.7998159207382691
        ],
        [
          -0.018600689759518504,
          0.999818590576605,
          -0.004092113069217727,
          0.008916388513254818
        ]
      ],
      "W": 1242,
      "H": 375,
      "intrinsics": [
        721.5377,
        721.5377,
        609.5593,
        172.854
      ],
      "time": -0.9869281045751634,
      "video_id": 0,
      "is_val": true,
      "static_mask_path": "../../../../data2/shanxiaojun/kitti/training/all-false.png"
    },
    {
      "image_index": 4,
      "rgb_path": "../../../../data2/shanxiaojun/kitti/training/image_02/0000/000002.png",
      "depth_path": "../../../../data2/shanxiaojun/kitti/training/depth_02/0000/000002.parquet",
      "feature_path": "../../../../data2/shanxiaojun/kitti/training/dino_02/0000/000002.parquet",
      "backward_flow_path": "../../../../data2/shanxiaojun/kitti/training/dino_correspondences_02/0000/000001.parquet",
      "forward_flow_path": "../../../../data2/shanxiaojun/kitti/training/dino_correspondences_02/0000/000002.parquet",
      "backward_neighbor_index": 2,
      "forward_neighbor_index": 6,
      "c2w": [
        [
          -0.929279110215022,
          -0.015183254910974161,
          -0.36906624771034713,
          -0.44209360280318
        ],
        [
          -0.36889519617301314,
          -0.012944036907507528,
          0.9293808963164166,
          0.798512327446309
        ],
        [
          -0.0188882376835742,
          0.9998009130009007,
          0.006427593262568358,
          0.009088937350011081
        ]
      ],
      "W": 1242,
      "H": 375,
      "intrinsics": [
        721.5377,
        721.5377,
        609.5593,
        172.854
      ],
      "time": -0.9738562091503268,
      "video_id": 0,
      "is_val": true,
      "static_mask_path": "../../../../data2/shanxiaojun/kitti/training/static_02/0000/000002.png",
      "sky_mask_path": "../../../../data2/shanxiaojun/kitti/training/sky_02/0000/000002.png"
    },
    {
      "image_index": 5,
      "rgb_path": "../../../../data2/shanxiaojun/kitti/training/image_03/0000/000002.png",
      "depth_path": "../../../../data2/shanxiaojun/kitti/training/depth_03/0000/000002.parquet",
      "feature_path": "../../../../data2/shanxiaojun/kitti/training/dino_03/0000/000002.parquet",
      "backward_flow_path": "../../../../data2/shanxiaojun/kitti/training/dino_correspondences_03/0000/000001.parquet",
      "forward_flow_path": "../../../../data2/shanxiaojun/kitti/training/dino_correspondences_03/0000/000002.parquet",
      "backward_neighbor_index": 3,
      "forward_neighbor_index": 7,
      "c2w": [
        [
          -0.929279110215022,
          -0.015183254910974161,
          -0.36906624771034713,
          -0.448075205291201
        ],
        [
          -0.36889519617301314,
          -0.012944036907507528,
          0.9293808963164166,
          0.7961373776525218
        ],
        [
          -0.0188882376835742,
          0.9998009130009007,
          0.006427593262568358,
          0.009000619276639513
        ]
      ],
      "W": 1242,
      "H": 375,
      "intrinsics": [
        721.5377,
        721.5377,
        609.5593,
        172.854
      ],
      "time": -0.9738562091503268,
      "video_id": 0,
      "is_val": true,
      "static_mask_path": "../../../../data2/shanxiaojun/kitti/training/all-false.png"
    },
    {
      "image_index": 6,
      "rgb_path": "../../../../data2/shanxiaojun/kitti/training/image_02/0000/000003.png",
      "depth_path": "../../../../data2/shanxiaojun/kitti/training/depth_02/0000/000003.parquet",
      "feature_path": "../../../../data2/shanxiaojun/kitti/training/dino_02/0000/000003.parquet",
      "backward_flow_path": "../../../../data2/shanxiaojun/kitti/training/dino_correspondences_02/0000/000002.parquet",
      "forward_flow_path": "../../../../data2/shanxiaojun/kitti/training/dino_correspondences_02/0000/000003.parquet",
      "backward_neighbor_index": 4,
      "forward_neighbor_index": 8,
      "c2w": [
        [
          -0.9246970703822178,
          -0.009036539440030444,
          -0.3805965841103904,
          -0.4407962996984345
        ],
        [
          -0.38037946221500496,
          -0.019330829422277797,
          0.9246284920546056,
          0.7947487360464912
        ],
        [
          -0.015712692828020163,
          0.9997722765447061,
          0.014437847359603939,
          0.009299066649591839
        ]
      ],
      "W": 1242,
      "H": 375,
      "intrinsics": [
        721.5377,
        721.5377,
        609.5593,
        172.854
      ],
      "time": -0.9607843137254902,
      "video_id": 0,
      "is_val": true,
      "static_mask_path": "../../../../data2/shanxiaojun/kitti/training/static_02/0000/000003.png",
      "sky_mask_path": "../../../../data2/shanxiaojun/kitti/training/sky_02/0000/000003.png"
    },
    {
      "image_index": 7,
      "rgb_path": "../../../../data2/shanxiaojun/kitti/training/image_03/0000/000003.png",
      "depth_path": "../../../../data2/shanxiaojun/kitti/training/depth_03/0000/000003.parquet",
      "feature_path": "../../../../data2/shanxiaojun/kitti/training/dino_03/0000/000003.parquet",
      "backward_flow_path": "../../../../data2/shanxiaojun/kitti/training/dino_correspondences_03/0000/000002.parquet",
      "forward_flow_path": "../../../../data2/shanxiaojun/kitti/training/dino_correspondences_03/0000/000003.parquet",
      "backward_neighbor_index": 5,
      "forward_neighbor_index": 9,
      "c2w": [
        [
          -0.9246970703822178,
          -0.009036539440030444,
          -0.3805965841103904,
          -0.4467482038875791
        ],
        [
          -0.38037946221500496,
          -0.019330829422277797,
          0.9246284920546056,
          0.7922996579362154
        ],
        [
          -0.015712692828020163,
          0.9997722765447061,
          0.014437847359603939,
          0.00923118500608161
        ]
      ],
      "W": 1242,
      "H": 375,
      "intrinsics": [
        721.5377,
        721.5377,
        609.5593,
        172.854
      ],
      "time": -0.9607843137254902,
      "video_id": 0,
      "is_val": true,
      "static_mask_path": "../../../../data2/shanxiaojun/kitti/training/all-false.png"
    },
    {
      "image_index": 8,
      "rgb_path": "../../../../data2/shanxiaojun/kitti/training/image_02/0000/000004.png",
      "depth_path": "../../../../data2/shanxiaojun/kitti/training/depth_02/0000/000004.parquet",
      "feature_path": "../../../../data2/shanxiaojun/kitti/training/dino_02/0000/000004.parquet",
      "backward_flow_path": "../../../../data2/shanxiaojun/kitti/training/dino_correspondences_02/0000/000003.parquet",
      "forward_flow_path": "../../../../data2/shanxiaojun/kitti/training/dino_correspondences_02/0000/000004.parquet",
      "backward_neighbor_index": 6,
      "forward_neighbor_index": 10,
      "c2w": [
        [
          -0.9193014582972308,
          -0.008390023957317841,
          -0.3934647719611136,
          -0.4394522213771533
        ],
        [
          -0.39325016931266804,
          -0.019708875637144428,
          0.9192202834301467,
          0.7907705578790111
        ],
        [
          -0.015467031792913564,
          0.9997705300106141,
          0.014819019813755533,
          0.009574477674998035
        ]
      ],
      "W": 1242,
      "H": 375,
      "intrinsics": [
        721.5377,
        721.5377,
        609.5593,
        172.854
      ],
      "time": -0.9477124183006536,
      "video_id": 0,
      "is_val": true,
      "static_mask_path": "../../../../data2/shanxiaojun/kitti/training/static_02/0000/000004.png",
      "sky_mask_path": "../../../../data2/shanxiaojun/kitti/training/sky_02/0000/000004.png"
    },
    {
      "image_index": 9,
      "rgb_path": "../../../../data2/shanxiaojun/kitti/training/image_03/0000/000004.png",
      "depth_path": "../../../../data2/shanxiaojun/kitti/training/depth_03/0000/000004.parquet",
      "feature_path": "../../../../data2/shanxiaojun/kitti/training/dino_03/0000/000004.parquet",
      "backward_flow_path": "../../../../data2/shanxiaojun/kitti/training/dino_correspondences_03/0000/000003.parquet",
      "forward_flow_path": "../../../../data2/shanxiaojun/kitti/training/dino_correspondences_03/0000/000004.parquet",
      "backward_neighbor_index": 7,
      "forward_neighbor_index": 11,
      "c2w": [
        [
          -0.9193014582972308,
          -0.008390023957317841,
          -0.3934647719611136,
          -0.44536937351067063
        ],
        [
          -0.39325016931266804,
          -0.019708875637144428,
          0.9192202834301467,
          0.7882386278228883
        ],
        [
          -0.015467031792913564,
          0.9997705300106141,
          0.014819019813755533,
          0.00950817706103621
        ]
      ],
      "W": 1242,
      "H": 375,
      "intrinsics": [
        721.5377,
        721.5377,
        609.5593,
        172.854
      ],
      "time": -0.9477124183006536,
      "video_id": 0,
      "is_val": true,
      "static_mask_path": "../../../../data2/shanxiaojun/kitti/training/all-false.png"
    },
    {
      "image_index": 10,
      "rgb_path": "../../../../data2/shanxiaojun/kitti/training/image_02/0000/000005.png",
      "depth_path": "../../../../data2/shanxiaojun/kitti/training/depth_02/0000/000005.parquet",
      "feature_path": "../../../../data2/shanxiaojun/kitti/training/dino_02/0000/000005.parquet",
      "backward_flow_path": "../../../../data2/shanxiaojun/kitti/training/dino_correspondences_02/0000/000004.parquet",
      "forward_flow_path": "../../../../data2/shanxiaojun/kitti/training/dino_correspondences_02/0000/000005.parquet",
      "backward_neighbor_index": 8,
      "forward_neighbor_index": 12,
      "c2w": [
        [
          -0.9142959543443688,
          -0.008268096619562581,
          -0.40496251261579136,
          -0.43798140624470017
        ],
        [
          -0.40478388676772475,
          -0.017373790540882138,
          0.9142473525643767,
          0.7874735650926951
        ],
        [
          -0.014594822611932528,
          0.9998148503293598,
          0.01253799413717139,
          0.00978852305870861
        ]
      ],
      "W": 1242,
      "H": 375,
      "intrinsics": [
        721.5377,
        721.5377,
        609.5593,
        172.854
      ],
      "time": -0.934640522875817,
      "video_id": 0,
      "is_val": true,
      "static_mask_path": "../../../../data2/shanxiaojun/kitti/training/static_02/0000/000005.png",
      "sky_mask_path": "../../../../data2/shanxiaojun/kitti/training/sky_02/0000/000005.png"
    },
    {
      "image_index": 11,
      "rgb_path": "../../../../data2/shanxiaojun/kitti/training/image_03/0000/000005.png",
      "depth_path": "../../../../data2/shanxiaojun/kitti/training/depth_03/0000/000005.parquet",
      "feature_path": "../../../../data2/shanxiaojun/kitti/training/dino_03/0000/000005.parquet",
      "backward_flow_path": "../../../../data2/shanxiaojun/kitti/training/dino_correspondences_03/0000/000004.parquet",
      "forward_flow_path": "../../../../data2/shanxiaojun/kitti/training/dino_correspondences_03/0000/000005.parquet",
      "backward_neighbor_index": 9,
      "forward_neighbor_index": 13,
      "c2w": [
        [
          -0.9142959543443688,
          -0.008268096619562581,
          -0.40496251261579136,
          -0.44386633491134
        ],
        [
          -0.40478388676772475,
          -0.017373790540882138,
          0.9142473525643767,
          0.784867478577674
        ],
        [
          -0.014594822611932528,
          0.9998148503293598,
          0.01253799413717139,
          0.009727838205769456
        ]
      ],
      "W": 1242,
      "H": 375,
      "intrinsics": [
        721.5377,
        721.5377,
        609.5593,
        172.854
      ],
      "time": -0.934640522875817,
      "video_id": 0,
      "is_val": true,
      "static_mask_path": "../../../../data2/shanxiaojun/kitti/training/all-false.png"
    },
    {
      "image_index": 12,
      "rgb_path": "../../../../data2/shanxiaojun/kitti/training/image_02/0000/000006.png",
      "depth_path": "../../../../data2/shanxiaojun/kitti/training/depth_02/0000/000006.parquet",
      "feature_path": "../../../../data2/shanxiaojun/kitti/training/dino_02/0000/000006.parquet",
      "backward_flow_path": "../../../../data2/shanxiaojun/kitti/training/dino_correspondences_02/0000/000005.parquet",
      "forward_flow_path": "../../../../data2/shanxiaojun/kitti/training/dino_correspondences_02/0000/000006.parquet",
      "backward_neighbor_index": 10,
      "forward_neighbor_index": 14,
      "c2w": [
        [
          -0.9091278234926254,
          -0.01098967668634788,
          -0.41637233022556236,
          -0.43651441686100256
        ],
        [
          -0.4161653979469188,
          -0.017119088603630487,
          0.9091278039680719,
          0.7844463861166954
        ],
        [
          -0.017118938856852603,
          0.9997930329674737,
          0.010989916595543811,
          0.009859249494881017
        ]
      ],
      "W": 1242,
      "H": 375,
      "intrinsics": [
        721.5377,
        721.5377,
        609.5593,
        172.854
      ],
      "time": -0.9215686274509804,
      "video_id": 0,
      "is_val": true,
      "static_mask_path": "../../../../data2/shanxiaojun/kitti/training/static_02/0000/000006.png",
      "sky_mask_path": "../../../../data2/shanxiaojun/kitti/training/sky_02/0000/000006.png"
    },
    {
      "image_index": 13,
      "rgb_path": "../../../../data2/shanxiaojun/kitti/training/image_03/0000/000006.png",
      "depth_path": "../../../../data2/shanxiaojun/kitti/training/depth_03/0000/000006.parquet",
      "feature_path": "../../../../data2/shanxiaojun/kitti/training/dino_03/0000/000006.parquet",
      "backward_flow_path": "../../../../data2/shanxiaojun/kitti/training/dino_correspondences_03/0000/000005.parquet",
      "forward_flow_path": "../../../../data2/shanxiaojun/kitti/training/dino_correspondences_03/0000/000006.parquet",
      "backward_neighbor_index": 11,
      "forward_neighbor_index": 15,
      "c2w": [
        [
          -0.9091278234926254,
          -0.01098967668634788,
          -0.41637233022556236,
          -0.4423661699308078
        ],
        [
          -0.4161653979469188,
          -0.017119088603630487,
          0.9091278039680719,
          0.7817670536414337
        ],
        [
          -0.017118938856852603,
          0.9997930329674737,
          0.010989916595543811,
          0.009782318111057415
        ]
      ],
      "W": 1242,
      "H": 375,
      "intrinsics": [
        721.5377,
        721.5377,
        609.5593,
        172.854
      ],
      "time": -0.9215686274509804,
      "video_id": 0,
      "is_val": true,
      "static_mask_path": "../../../../data2/shanxiaojun/kitti/training/all-false.png"
    },
    {
      "image_index": 14,
      "rgb_path": "../../../../data2/shanxiaojun/kitti/training/image_02/0000/000007.png",
      "depth_path": "../../../../data2/shanxiaojun/kitti/training/depth_02/0000/000007.parquet",
      "feature_path": "../../../../data2/shanxiaojun/kitti/training/dino_02/0000/000007.parquet",
      "backward_flow_path": "../../../../data2/shanxiaojun/kitti/training/dino_correspondences_02/0000/000006.parquet",
      "forward_flow_path": "../../../../data2/shanxiaojun/kitti/training/dino_correspondences_02/0000/000007.parquet",
      "backward_neighbor_index": 12,
      "forward_neighbor_index": 16,
      "c2w": [
        [
          -0.9034625484701989,
          -0.011288008584219904,
          -0.4285184871430888,
          -0.4348001331097707
        ],
        [
          -0.4283700925282646,
          -0.013434444294177336,
          0.903503539292249,
          0.7811267085790723
        ],
        [
          -0.01595566681149873,
          0.9998460089070208,
          0.007302071968174152,
          0.009888826612701762
        ]
      ],
      "W": 1242,
      "H": 375,
      "intrinsics": [
        721.5377,
        721.5377,
        609.5593,
        172.854
      ],
      "time": -0.9084967320261438,
      "video_id": 0,
      "is_val": true,
      "static_mask_path": "../../../../data2/shanxiaojun/kitti/training/static_02/0000/000007.png",
      "sky_mask_path": "../../../../data2/shanxiaojun/kitti/training/sky_02/0000/000007.png"
    },
    {
      "image_index": 15,
      "rgb_path": "../../../../data2/shanxiaojun/kitti/training/image_03/0000/000007.png",
      "depth_path": "../../../../data2/shanxiaojun/kitti/training/depth_03/0000/000007.parquet",
      "feature_path": "../../../../data2/shanxiaojun/kitti/training/dino_03/0000/000007.parquet",
      "backward_flow_path": "../../../../data2/shanxiaojun/kitti/training/dino_correspondences_03/0000/000006.parquet",
      "forward_flow_path": "../../../../data2/shanxiaojun/kitti/training/dino_correspondences_03/0000/000007.parquet",
      "backward_neighbor_index": 13,
      "forward_neighbor_index": 17,
      "c2w": [
        [
          -0.9034625484701989,
          -0.011288008584219904,
          -0.4285184871430888,
          -0.44061543004675513
        ],
        [
          -0.4283700925282646,
          -0.013434444294177336,
          0.903503539292249,
          0.7783689460157845
        ],
        [
          -0.01595566681149873,
          0.9998460089070208,
          0.007302071968174152,
          0.009819384932846906
        ]
      ],
      "W": 1242,
      "H": 375,
      "intrinsics": [
        721.5377,
        721.5377,
        609.5593,
        172.854
      ],
      "time": -0.9084967320261438,
      "video_id": 0,
      "is_val": true,
      "static_mask_path": "../../../../data2/shanxiaojun/kitti/training/all-false.png"
    },
    {
      "image_index": 16,
      "rgb_path": "../../../../data2/shanxiaojun/kitti/training/image_02/0000/000008.png",
      "depth_path": "../../../../data2/shanxiaojun/kitti/training/depth_02/0000/000008.parquet",
      "feature_path": "../../../../data2/shanxiaojun/kitti/training/dino_02/0000/000008.parquet",
      "backward_flow_path": "../../../../data2/shanxiaojun/kitti/training/dino_correspondences_02/0000/000007.parquet",
      "forward_flow_path": "../../../../data2/shanxiaojun/kitti/training/dino_correspondences_02/0000/000008.parquet",
      "backward_neighbor_index": 14,
      "forward_neighbor_index": 18,
      "c2w": [
        [
          -0.8984317230219738,
          -0.010648422515631705,
          -0.43898421303603113,
          -0.43336208513647534
        ],
        [
          -0.43889511080105614,
          -0.009738648482392885,
          0.898485562914037,
          0.7782922093784075
        ],
        [
          -0.013842570102267027,
          0.9998958519677208,
          0.004075970097175304,
          0.010055531705712507
        ]
      ],
      "W": 1242,
      "H": 375,
      "intrinsics": [
        721.5377,
        721.5377,
        609.5593,
        172.854
      ],
      "time": -0.8954248366013072,
      "video_id": 0,
      "is_val": true,
      "static_mask_path": "../../../../data2/shanxiaojun/kitti/training/static_02/0000/000008.png",
      "sky_mask_path": "../../../../data2/shanxiaojun/kitti/training/sky_02/0000/000008.png"
    },
    {
      "image_index": 17,
      "rgb_path": "../../../../data2/shanxiaojun/kitti/training/image_03/0000/000008.png",
      "depth_path": "../../../../data2/shanxiaojun/kitti/training/depth_03/0000/000008.parquet",
      "feature_path": "../../../../data2/shanxiaojun/kitti/training/dino_03/0000/000008.parquet",
      "backward_flow_path": "../../../../data2/shanxiaojun/kitti/training/dino_correspondences_03/0000/000007.parquet",
      "forward_flow_path": "../../../../data2/shanxiaojun/kitti/training/dino_correspondences_03/0000/000008.parquet",
      "backward_neighbor_index": 15,
      "forward_neighbor_index": 19,
      "c2w": [
        [
          -0.8984317230219738,
          -0.010648422515631705,
          -0.43898421303603113,
          -0.4391449786079668
        ],
        [
          -0.43889511080105614,
          -0.009738648482392885,
          0.898485562914037,
          0.7754668279696221
        ],
        [
          -0.013842570102267027,
          0.9998958519677208,
          0.004075970097175304,
          0.009999692943650712
        ]
      ],
      "W": 1242,
      "H": 375,
      "intrinsics": [
        721.5377,
        721.5377,
        609.5593,
        172.854
      ],
      "time": -0.8954248366013072,
      "video_id": 0,
      "is_val": true,
      "static_mask_path": "../../../../data2/shanxiaojun/kitti/training/all-false.png"
    },
    {
      "image_index": 18,
      "rgb_path": "../../../../data2/shanxiaojun/kitti/training/image_02/0000/000009.png",
      "depth_path": "../../../../data2/shanxiaojun/kitti/training/depth_02/0000/000009.parquet",
      "feature_path": "../../../../data2/shanxiaojun/kitti/training/dino_02/0000/000009.parquet",
      "backward_flow_path": "../../../../data2/shanxiaojun/kitti/training/dino_correspondences_02/0000/000008.parquet",
      "forward_flow_path": "../../../../data2/shanxiaojun/kitti/training/dino_correspondences_02/0000/000009.parquet",
      "backward_neighbor_index": 16,
      "forward_neighbor_index": 20,
      "c2w": [
        [
          -0.8933624550110171,
          -0.007127472712220254,
          -0.4492803266745617,
          -0.4317870856334795
        ],
        [
          -0.44923542594373966,
          -0.007077481807791958,
          0.8933854196218257,
          0.7752003242963021
        ],
        [
          -0.009547356606687585,
          0.9999495253974503,
          0.0031208432168158013,
          0.010189578593384676
        ]
      ],
      "W": 1242,
      "H": 375,
      "intrinsics": [
        721.5377,
        721.5377,
        609.5593,
        172.854
      ],
      "time": -0.8823529411764706,
      "video_id": 0,
      "is_val": true,
      "static_mask_path": "../../../../data2/shanxiaojun/kitti/training/static_02/0000/000009.png",
      "sky_mask_path": "../../../../data2/shanxiaojun/kitti/training/sky_02/0000/000009.png"
    },
    {
      "image_index": 19,
      "rgb_path": "../../../../data2/shanxiaojun/kitti/training/image_03/0000/000009.png",
      "depth_path": "../../../../data2/shanxiaojun/kitti/training/depth_03/0000/000009.parquet",
      "feature_path": "../../../../data2/shanxiaojun/kitti/training/dino_03/0000/000009.parquet",
      "backward_flow_path": "../../../../data2/shanxiaojun/kitti/training/dino_correspondences_03/0000/000008.parquet",
      "forward_flow_path": "../../../../data2/shanxiaojun/kitti/training/dino_correspondences_03/0000/000009.parquet",
      "backward_neighbor_index": 17,
      "forward_neighbor_index": 21,
      "c2w": [
        [
          -0.8933624550110171,
          -0.007127472712220254,
          -0.4492803266745617,
          -0.4375372324084169
        ],
        [
          -0.44923542594373966,
          -0.007077481807791958,
          0.8933854196218257,
          0.7723084784659402
        ],
        [
          -0.009547356606687585,
          0.9999495253974503,
          0.0031208432168158013,
          0.01016138731280196
        ]
      ],
      "W": 1242,
      "H": 375,
      "intrinsics": [
        721.5377,
        721.5377,
        609.5593,
        172.854
      ],
      "time": -0.8823529411764706,
      "video_id": 0,
      "is_val": true,
      "static_mask_path": "../../../../data2/shanxiaojun/kitti/training/all-false.png"
    },
    {
      "image_index": 20,
      "rgb_path": "../../../../data2/shanxiaojun/kitti/training/image_02/0000/000010.png",
      "depth_path": "../../../../data2/shanxiaojun/kitti/training/depth_02/0000/000010.parquet",
      "feature_path": "../../../../data2/shanxiaojun/kitti/training/dino_02/0000/000010.parquet",
      "backward_flow_path": "../../../../data2/shanxiaojun/kitti/training/dino_correspondences_02/0000/000009.parquet",
      "forward_flow_path": "../../../../data2/shanxiaojun/kitti/training/dino_correspondences_02/0000/000010.parquet",
      "backward_neighbor_index": 18,
      "forward_neighbor_index": 22,
      "c2w": [
        [
          -0.8876316472229082,
          -0.011180195649583783,
          -0.4604184515271131,
          -0.4300025125263125
        ],
        [
          -0.460428327265871,
          -0.0018278059311768024,
          0.8876950386386565,
          0.771900919702109
        ],
        [
          -0.010766162911583041,
          0.9999358015939342,
          -0.003525260520872888,
          0.010318577481741297
        ]
      ],
      "W": 1242,
      "H": 375,
      "intrinsics": [
        721.5377,
        721.5377,
        609.5593,
        172.854
      ],
      "time": -0.869281045751634,
      "video_id": 0,
      "is_val": true,
      "static_mask_path": "../../../../data2/shanxiaojun/kitti/training/static_02/0000/000010.png",
      "sky_mask_path": "../../../../data2/shanxiaojun/kitti/training/sky_02/0000/000010.png"
    },
    {
      "image_index": 21,
      "rgb_path": "../../../../data2/shanxiaojun/kitti/training/image_03/0000/000010.png",
      "depth_path": "../../../../data2/shanxiaojun/kitti/training/depth_03/0000/000010.parquet",
      "feature_path": "../../../../data2/shanxiaojun/kitti/training/dino_03/0000/000010.parquet",
      "backward_flow_path": "../../../../data2/shanxiaojun/kitti/training/dino_correspondences_03/0000/000009.parquet",
      "forward_flow_path": "../../../../data2/shanxiaojun/kitti/training/dino_correspondences_03/0000/000010.parquet",
      "backward_neighbor_index": 19,
      "forward_neighbor_index": 23,
      "c2w": [
        [
          -0.8876316472229082,
          -0.011180195649583783,
          -0.4604184515271131,
          -0.4357159064437969
        ],
        [
          -0.460428327265871,
          -0.0018278059311768024,
          0.8876950386386565,
          0.7689372081160946
        ],
        [
          -0.010766162911583041,
          0.9999358015939342,
          -0.003525260520872888,
          0.010282542359737079
        ]
      ],
      "W": 1242,
      "H": 375,
      "intrinsics": [
        721.5377,
        721.5377,
        609.5593,
        172.854
      ],
      "time": -0.869281045751634,
      "video_id": 0,
      "is_val": true,
      "static_mask_path": "../../../../data2/shanxiaojun/kitti/training/all-false.png"
    },
    {
      "image_index": 22,
      "rgb_path": "../../../../data2/shanxiaojun/kitti/training/image_02/0000/000011.png",
      "depth_path": "../../../../data2/shanxiaojun/kitti/training/depth_02/0000/000011.parquet",
      "feature_path": "../../../../data2/shanxiaojun/kitti/training/dino_02/0000/000011.parquet",
      "backward_flow_path": "../../../../data2/shanxiaojun/kitti/training/dino_correspondences_02/0000/000010.parquet",
      "forward_flow_path": "../../../../data2/shanxiaojun/kitti/training/dino_correspondences_02/0000/000011.parquet",
      "backward_neighbor_index": 20,
      "forward_neighbor_index": 24,
      "c2w": [
        [
          -0.8820545665854166,
          -0.013603021895504178,
          -0.4709509395056679,
          -0.4284142996767537
        ],
        [
          -0.4709680061367695,
          -0.002121556650219656,
          0.8821477787717789,
          0.7685847890758055
        ],
        [
          -0.012999027875538865,
          0.9999051963817766,
          -0.004535259506999853,
          0.010301756782309426
        ]
      ],
      "W": 1242,
      "H": 375,
      "intrinsics": [
        721.5377,
        721.5377,
        609.5593,
        172.854
      ],
      "time": -0.8562091503267975,
      "video_id": 0,
      "is_val": true,
      "static_mask_path": "../../../../data2/shanxiaojun/kitti/training/static_02/0000/000011.png",
      "sky_mask_path": "../../../../data2/shanxiaojun/kitti/training/sky_02/0000/000011.png"
    },
    {
      "image_index": 23,
      "rgb_path": "../../../../data2/shanxiaojun/kitti/training/image_03/0000/000011.png",
      "depth_path": "../../../../data2/shanxiaojun/kitti/training/depth_03/0000/000011.parquet",
      "feature_path": "../../../../data2/shanxiaojun/kitti/training/dino_03/0000/000011.parquet",
      "backward_flow_path": "../../../../data2/shanxiaojun/kitti/training/dino_correspondences_03/0000/000010.parquet",
      "forward_flow_path": "../../../../data2/shanxiaojun/kitti/training/dino_correspondences_03/0000/000011.parquet",
      "backward_neighbor_index": 21,
      "forward_neighbor_index": 25,
      "c2w": [
        [
          -0.8820545665854166,
          -0.013603021895504178,
          -0.4709509395056679,
          -0.43409187608650684
        ],
        [
          -0.4709680061367695,
          -0.002121556650219656,
          0.8821477787717789,
          0.7655532316933702
        ],
        [
          -0.012999027875538865,
          0.9999051963817766,
          -0.004535259506999853,
          0.010251349329406184
        ]
      ],
      "W": 1242,
      "H": 375,
      "intrinsics": [
        721.5377,
        721.5377,
        609.5593,
        172.854
      ],
      "time": -0.8562091503267975,
      "video_id": 0,
      "is_val": true,
      "static_mask_path": "../../../../data2/shanxiaojun/kitti/training/all-false.png"
    },
    {
      "image_index": 24,
      "rgb_path": "../../../../data2/shanxiaojun/kitti/training/image_02/0000/000012.png",
      "depth_path": "../../../../data2/shanxiaojun/kitti/training/depth_02/0000/000012.parquet",
      "feature_path": "../../../../data2/shanxiaojun/kitti/training/dino_02/0000/000012.parquet",
      "backward_flow_path": "../../../../data2/shanxiaojun/kitti/training/dino_correspondences_02/0000/000011.parquet",
      "forward_flow_path": "../../../../data2/shanxiaojun/kitti/training/dino_correspondences_02/0000/000012.parquet",
      "backward_neighbor_index": 22,
      "forward_neighbor_index": 26,
      "c2w": [
        [
          -0.8767318541463711,
          -0.013947826237578748,
          -0.48077728917801427,
          -0.4268188645886365
        ],
        [
          -0.48071461260030596,
          -0.007764120866725158,
          0.8768427723215501,
          0.7651523604763808
        ],
        [
          -0.015962866971329665,
          0.9998725526430866,
          0.00010212810023132492,
          0.010292340739322954
        ]
      ],
      "W": 1242,
      "H": 375,
      "intrinsics": [
        721.5377,
        721.5377,
        609.5593,
        172.854
      ],
      "time": -0.8431372549019608,
      "video_id": 0,
      "is_val": true,
      "static_mask_path": "../../../../data2/shanxiaojun/kitti/training/static_02/0000/000012.png",
      "sky_mask_path": "../../../../data2/shanxiaojun/kitti/training/sky_02/0000/000012.png"
    },
    {
      "image_index": 25,
      "rgb_path": "../../../../data2/shanxiaojun/kitti/training/image_03/0000/000012.png",
      "depth_path": "../../../../data2/shanxiaojun/kitti/training/depth_03/0000/000012.parquet",
      "feature_path": "../../../../data2/shanxiaojun/kitti/training/dino_03/0000/000012.parquet",
      "backward_flow_path": "../../../../data2/shanxiaojun/kitti/training/dino_correspondences_03/0000/000011.parquet",
      "forward_flow_path": "../../../../data2/shanxiaojun/kitti/training/dino_correspondences_03/0000/000012.parquet",
      "backward_neighbor_index": 23,
      "forward_neighbor_index": 27,
      "c2w": [
        [
          -0.8767318541463711,
          -0.013947826237578748,
          -0.48077728917801427,
          -0.43246219170983524
        ],
        [
          -0.48071461260030596,
          -0.007764120866725158,
          0.8768427723215501,
          0.7620578838339305
        ],
        [
          -0.015962866971329665,
          0.9998725526430866,
          0.00010212810023132492,
          0.010222854989607195
        ]
      ],
      "W": 1242,
      "H": 375,
      "intrinsics": [
        721.5377,
        721.5377,
        609.5593,
        172.854
      ],
      "time": -0.8431372549019608,
      "video_id": 0,
      "is_val": true,
      "static_mask_path": "../../../../data2/shanxiaojun/kitti/training/all-false.png"
    },
    {
      "image_index": 26,
      "rgb_path": "../../../../data2/shanxiaojun/kitti/training/image_02/0000/000013.png",
      "depth_path": "../../../../data2/shanxiaojun/kitti/training/depth_02/0000/000013.parquet",
      "feature_path": "../../../../data2/shanxiaojun/kitti/training/dino_02/0000/000013.parquet",
      "backward_flow_path": "../../../../data2/shanxiaojun/kitti/training/dino_correspondences_02/0000/000012.parquet",
      "forward_flow_path": "../../../../data2/shanxiaojun/kitti/training/dino_correspondences_02/0000/000013.parquet",
      "backward_neighbor_index": 24,
      "forward_neighbor_index": 28,
      "c2w": [
        [
          -0.8707423370860925,
          -0.012391688280548848,
          -0.49158347798127217,
          -0.4250764152688438
        ],
        [
          -0.4914744487811218,
          -0.01089663509616154,
          0.8708238614171382,
          0.7613481922791878
        ],
        [
          -0.016147586986373384,
          0.999863817909083,
          0.003397963276909931,
          0.010510230049672208
        ]
      ],
      "W": 1242,
      "H": 375,
      "intrinsics": [
        721.5377,
        721.5377,
        609.5593,
        172.854
      ],
      "time": -0.8300653594771241,
      "video_id": 0,
      "is_val": true,
      "static_mask_path": "../../../../data2/shanxiaojun/kitti/training/static_02/0000/000013.png",
      "sky_mask_path": "../../../../data2/shanxiaojun/kitti/training/sky_02/0000/000013.png"
    },
    {
      "image_index": 27,
      "rgb_path": "../../../../data2/shanxiaojun/kitti/training/image_03/0000/000013.png",
      "depth_path": "../../../../data2/shanxiaojun/kitti/training/depth_03/0000/000013.parquet",
      "feature_path": "../../../../data2/shanxiaojun/kitti/training/dino_03/0000/000013.parquet",
      "backward_flow_path": "../../../../data2/shanxiaojun/kitti/training/dino_correspondences_03/0000/000012.parquet",
      "forward_flow_path": "../../../../data2/shanxiaojun/kitti/training/dino_correspondences_03/0000/000013.parquet",
      "backward_neighbor_index": 25,
      "forward_neighbor_index": 29,
      "c2w": [
        [
          -0.8707423370860925,
          -0.012391688280548848,
