{
  "origin": [
    616539.2204448339,
    4117419.1895513916,
    111.09653580983381
  ],
  "scene_bounds": [
    [
      -0.6426419903533535,
      -0.765525554216294,
      -0.03133525296435621
    ],
    [
      0.6426419903528611,
      0.7655255542143244,
      0.03133525296435621
    ]
  ],
  "pose_scale_factor": 236.4415476802642,
  "frames": [
    {
      "image_index": 0,
      "rgb_path": "../../../../data2/shanxiaojun/kitti/training/image_02/0005/000000.png",
      "depth_path": "../../../../data2/shanxiaojun/kitti/training/depth_02/0005/000000.parquet",
      "feature_path": "../../../../data2/shanxiaojun/kitti/training/dino_02/0005/000000.parquet",
      "backward_flow_path": null,
      "forward_flow_path": "../../../../data2/shanxiaojun/kitti/training/dino_correspondences_02/0005/000000.parquet",
      "backward_neighbor_index": null,
      "forward_neighbor_index": 2,
      "c2w": [
        [
          0.7136607902680561,
          -0.010802269736521873,
          -0.7004082132856557,
          -0.6426419903533535
        ],
        [
          -0.7002570251746523,
          0.014868192578855669,
          -0.7137360249484189,
          -0.7639480694672147
        ],
        [
          0.01812377145795859,
          0.9998310821216583,
          0.0030464807361604805,
          0.015918244130399786
        ]
      ],
      "W": 1242,
      "H": 375,
      "intrinsics": [
        721.5377,
        721.5377,
        609.5593,
        172.854
      ],
      "time": -1.0,
      "video_id": 0,
      "is_val": true
    },
    {
      "image_index": 1,
      "rgb_path": "../../../../data2/shanxiaojun/kitti/training/image_03/0005/000000.png",
      "depth_path": "../../../../data2/shanxiaojun/kitti/training/depth_03/0005/000000.parquet",
      "feature_path": "../../../../data2/shanxiaojun/kitti/training/dino_03/0005/000000.parquet",
      "backward_flow_path": null,
      "forward_flow_path": "../../../../data2/shanxiaojun/kitti/training/dino_correspondences_03/0005/000000.parquet",
      "backward_neighbor_index": null,
      "forward_neighbor_index": 3,
      "c2w": [
        [
          0.7136607902680561,
          -0.010802269736521873,
          -0.7004082132856557,
          -0.641034163497354
        ],
        [
          -0.7002570251746523,
          0.014868192578855669,
          -0.7137360249484189,
          -0.765525554216294
        ],
        [
          0.01812377145795859,
          0.9998310821216583,
          0.0030464807361604805,
          0.015970718547984854
        ]
      ],
      "W": 1242,
      "H": 375,
      "intrinsics": [
        721.5377,
        721.5377,
        609.5593,
        172.854
      ],
      "time": -1.0,
      "video_id": 0,
      "is_val": true
    },
    {
      "image_index": 2,
      "rgb_path": "../../../../data2/shanxiaojun/kitti/training/image_02/0005/000001.png",
      "depth_path": "../../../../data2/shanxiaojun/kitti/training/depth_02/0005/000001.parquet",
      "feature_path": "../../../../data2/shanxiaojun/kitti/training/dino_02/0005/000001.parquet",
      "backward_flow_path": "../../../../data2/shanxiaojun/kitti/training/dino_correspondences_02/0005/000000.parquet",
      "forward_flow_path": "../../../../data2/shanxiaojun/kitti/training/dino_correspondences_02/0005/000001.parquet",
      "backward_neighbor_index": 0,
      "forward_neighbor_index": 4,
      "c2w": [
        [
          0.7145570536894701,
          -0.010977868099633373,
          -0.6994910873749074,
          -0.63745049835858
        ],
        [
          -0.6993068055510376,
          0.016590566879519483,
          -0.7146291503421116,
          -0.7586012160395793
        ],
        [
          0.019450056477223896,
          0.9998020726429768,
          0.004178008668232544,
          0.015911446772153306
        ]
      ],
      "W": 1242,
      "H": 375,
      "intrinsics": [
        721.5377,
        721.5377,
        609.5593,
        172.854
      ],
      "time": -0.9932432432432432,
      "video_id": 0,
      "is_val": true
    },
    {
      "image_index": 3,
      "rgb_path": "../../../../data2/shanxiaojun/kitti/training/image_03/0005/000001.png",
      "depth_path": "../../../../data2/shanxiaojun/kitti/training/depth_03/0005/000001.parquet",
      "feature_path": "../../../../data2/shanxiaojun/kitti/training/dino_03/0005/000001.parquet",
      "backward_flow_path": "../../../../data2/shanxiaojun/kitti/training/dino_correspondences_03/0005/000000.parquet",
      "forward_flow_path": "../../../../data2/shanxiaojun/kitti/training/dino_correspondences_03/0005/000001.parquet",
      "backward_neighbor_index": 1,
      "forward_neighbor_index": 5,
      "c2w": [
        [
          0.7145570536894701,
          -0.010977868099633373,
          -0.6994910873749074,
          -0.635840654291925
        ],
        [
          -0.6993068055510376,
          0.016590566879519483,
          -0.7146291503421116,
          -0.7601765397909553
        ],
        [
          0.019450056477223896,
          0.9998020726429768,
          0.004178008668232544,
          0.015966908946826147
        ]
      ],
      "W": 1242,
      "H": 375,
      "intrinsics": [
        721.5377,
        721.5377,
        609.5593,
        172.854
      ],
      "time": -0.9932432432432432,
      "video_id": 0,
      "is_val": true
    },
    {
      "image_index": 4,
      "rgb_path": "../../../../data2/shanxiaojun/kitti/training/image_02/0005/000002.png",
      "depth_path": "../../../../data2/shanxiaojun/kitti/training/depth_02/0005/000002.parquet",
      "feature_path": "../../../../data2/shanxiaojun/kitti/training/dino_02/0005/000002.parquet",
      "backward_flow_path": "../../../../data2/shanxiaojun/kitti/training/dino_correspondences_02/0005/000001.parquet",
      "forward_flow_path": "../../../../data2/shanxiaojun/kitti/training/dino_correspondences_02/0005/000002.parquet",
      "backward_neighbor_index": 2,
      "forward_neighbor_index": 6,
      "c2w": [
        [
          0.7153574138910891,
          -0.011641610713630998,
          -0.6986618074689303,
          -0.6322739828157855
        ],
        [
          -0.6984595912360397,
          0.01734428853051932,
          -0.7154393424606975,
          -0.7532629206537156
        ],
        [
          0.02044665659166782,
          0.999781772945452,
          0.004276170682106055,
          0.015896904371126216
        ]
      ],
      "W": 1242,
      "H": 375,
      "intrinsics": [
        721.5377,
        721.5377,
        609.5593,
        172.854
      ],
      "time": -0.9864864864864865,
      "video_id": 0,
      "is_val": true
    },
    {
      "image_index": 5,
      "rgb_path": "../../../../data2/shanxiaojun/kitti/training/image_03/0005/000002.png",
      "depth_path": "../../../../data2/shanxiaojun/kitti/training/depth_03/0005/000002.parquet",
      "feature_path": "../../../../data2/shanxiaojun/kitti/training/dino_03/0005/000002.parquet",
      "backward_flow_path": "../../../../data2/shanxiaojun/kitti/training/dino_correspondences_03/0005/000001.parquet",
      "forward_flow_path": "../../../../data2/shanxiaojun/kitti/training/dino_correspondences_03/0005/000002.parquet",
      "backward_neighbor_index": 3,
      "forward_neighbor_index": 7,
      "c2w": [
        [
          0.7153574138910891,
          -0.011641610713630998,
          -0.6986618074689303,
          -0.6306623432908803
        ],
        [
          -0.6984595912360397,
          0.01734428853051932,
          -0.7154393424606975,
          -0.7548363267691601
        ],
        [
          0.02044665659166782,
          0.999781772945452,
          0.004276170682106055,
          0.01595461168132149
        ]
      ],
      "W": 1242,
      "H": 375,
      "intrinsics": [
        721.5377,
        721.5377,
        609.5593,
        172.854
      ],
      "time": -0.9864864864864865,
      "video_id": 0,
      "is_val": true
    },
    {
      "image_index": 6,
      "rgb_path": "../../../../data2/shanxiaojun/kitti/training/image_02/0005/000003.png",
      "depth_path": "../../../../data2/shanxiaojun/kitti/training/depth_02/0005/000003.parquet",
      "feature_path": "../../../../data2/shanxiaojun/kitti/training/dino_02/0005/000003.parquet",
      "backward_flow_path": "../../../../data2/shanxiaojun/kitti/training/dino_correspondences_02/0005/000002.parquet",
      "forward_flow_path": "../../../../data2/shanxiaojun/kitti/training/dino_correspondences_02/0005/000003.parquet",
      "backward_neighbor_index": 4,
      "forward_neighbor_index": 8,
      "c2w": [
        [
          0.7161515734879115,
          -0.012144469427422082,
          -0.6978391746095254,
          -0.6265990807966639
        ],
        [
          -0.6975911695798631,
          0.019371763498416735,
          -0.7162341604063368,
          -0.7473889073226253
        ],
        [
          0.022216657699285804,
          0.9997385616249265,
          0.00540124424337925,
          0.0158707260130295
        ]
      ],
      "W": 1242,
      "H": 375,
      "intrinsics": [
        721.5377,
        721.5377,
        609.5593,
        172.854
      ],
      "time": -0.9797297297297297,
      "video_id": 0,
      "is_val": true
    },
    {
      "image_index": 7,
      "rgb_path": "../../../../data2/shanxiaojun/kitti/training/image_03/0005/000003.png",
      "depth_path": "../../../../data2/shanxiaojun/kitti/training/depth_03/0005/000003.parquet",
      "feature_path": "../../../../data2/shanxiaojun/kitti/training/dino_03/0005/000003.parquet",
      "backward_flow_path": "../../../../data2/shanxiaojun/kitti/training/dino_correspondences_03/0005/000002.parquet",
      "forward_flow_path": "../../../../data2/shanxiaojun/kitti/training/dino_correspondences_03/0005/000003.parquet",
      "backward_neighbor_index": 5,
      "forward_neighbor_index": 9,
      "c2w": [
        [
          0.7161515734879115,
          -0.012144469427422082,
          -0.6978391746095254,
          -0.6249856579108936
        ],
        [
          -0.6975911695798631,
          0.019371763498416735,
          -0.7162341604063368,
          -0.7489603331911544
        ],
        [
          0.022216657699285804,
          0.9997385616249265,
          0.00540124424337925,
          0.0159324206248618
        ]
      ],
      "W": 1242,
      "H": 375,
      "intrinsics": [
        721.5377,
        721.5377,
        609.5593,
        172.854
      ],
      "time": -0.9797297297297297,
      "video_id": 0,
      "is_val": true
    },
    {
      "image_index": 8,
      "rgb_path": "../../../../data2/shanxiaojun/kitti/training/image_02/0005/000004.png",
      "depth_path": "../../../../data2/shanxiaojun/kitti/training/depth_02/0005/000004.parquet",
      "feature_path": "../../../../data2/shanxiaojun/kitti/training/dino_02/0005/000004.parquet",
      "backward_flow_path": "../../../../data2/shanxiaojun/kitti/training/dino_correspondences_02/0005/000003.parquet",
      "forward_flow_path": "../../../../data2/shanxiaojun/kitti/training/dino_correspondences_02/0005/000004.parquet",
      "backward_neighbor_index": 6,
      "forward_neighbor_index": 10,
      "c2w": [
        [
          0.7168294724693685,
          -0.01222475474812596,
          -0.6971414065831165,
          -0.6214537289140546
        ],
        [
          -0.6968552658214496,
          0.02101830252524484,
          -0.7169037920438749,
          -0.7420553116581238
        ],
        [
          0.023416700462358796,
          0.9997043219316872,
          0.00654765396739336,
          0.015839862899247246
        ]
      ],
      "W": 1242,
      "H": 375,
      "intrinsics": [
        721.5377,
        721.5377,
        609.5593,
        172.854
      ],
      "time": -0.972972972972973,
      "video_id": 0,
      "is_val": true
    },
    {
      "image_index": 9,
      "rgb_path": "../../../../data2/shanxiaojun/kitti/training/image_03/0005/000004.png",
      "depth_path": "../../../../data2/shanxiaojun/kitti/training/depth_03/0005/000004.parquet",
      "feature_path": "../../../../data2/shanxiaojun/kitti/training/dino_03/0005/000004.parquet",
      "backward_flow_path": "../../../../data2/shanxiaojun/kitti/training/dino_correspondences_03/0005/000003.parquet",
      "forward_flow_path": "../../../../data2/shanxiaojun/kitti/training/dino_correspondences_03/0005/000004.parquet",
      "backward_neighbor_index": 7,
      "forward_neighbor_index": 11,
      "c2w": [
        [
          0.7168294724693685,
          -0.01222475474812596,
          -0.6971414065831165,
          -0.6198387796770304
        ],
        [
          -0.6968552658214496,
          0.02101830252524484,
          -0.7169037920438749,
          -0.743625060290431
        ],
        [
          0.023416700462358796,
          0.9997043219316872,
          0.00654765396739336,
          0.015904260777592463
        ]
      ],
      "W": 1242,
      "H": 375,
      "intrinsics": [
        721.5377,
        721.5377,
        609.5593,
        172.854
      ],
      "time": -0.972972972972973,
      "video_id": 0,
      "is_val": true
    },
    {
      "image_index": 10,
      "rgb_path": "../../../../data2/shanxiaojun/kitti/training/image_02/0005/000005.png",
      "depth_path": "../../../../data2/shanxiaojun/kitti/training/depth_02/0005/000005.parquet",
      "feature_path": "../../../../data2/shanxiaojun/kitti/training/dino_02/0005/000005.parquet",
      "backward_flow_path": "../../../../data2/shanxiaojun/kitti/training/dino_correspondences_02/0005/000004.parquet",
      "forward_flow_path": "../../../../data2/shanxiaojun/kitti/training/dino_correspondences_02/0005/000005.parquet",
      "backward_neighbor_index": 8,
      "forward_neighbor_index": 12,
      "c2w": [
        [
          0.7175348702409687,
          -0.013062587923322776,
          -0.6964001413157346,
          -0.6163239259831886
        ],
        [
          -0.6960899288350556,
          0.021789531670947274,
          -0.7176239299488554,
          -0.7367296212098787
        ],
        [
          0.024548257107660502,
          0.9996772129367034,
          0.006542012858102651,
          0.015807464772810472
        ]
      ],
      "W": 1242,
      "H": 375,
      "intrinsics": [
        721.5377,
        721.5377,
        609.5593,
        172.854
      ],
      "time": -0.9662162162162162,
      "video_id": 0,
      "is_val": true
    },
    {
      "image_index": 11,
      "rgb_path": "../../../../data2/shanxiaojun/kitti/training/image_03/0005/000005.png",
      "depth_path": "../../../../data2/shanxiaojun/kitti/training/depth_03/0005/000005.parquet",
      "feature_path": "../../../../data2/shanxiaojun/kitti/training/dino_03/0005/000005.parquet",
      "backward_flow_path": "../../../../data2/shanxiaojun/kitti/training/dino_correspondences_03/0005/000004.parquet",
      "forward_flow_path": "../../../../data2/shanxiaojun/kitti/training/dino_correspondences_03/0005/000005.parquet",
      "backward_neighbor_index": 9,
      "forward_neighbor_index": 13,
      "c2w": [
        [
          0.7175348702409687,
          -0.013062587923322776,
          -0.6964001413157346,
          -0.6147073972629195
        ],
        [
          -0.6960899288350556,
          0.021789531670947274,
          -0.7176239299488554,
          -0.7382976364803993
        ],
        [
          0.024548257107660502,
          0.9996772129367034,
          0.006542012858102651,
          0.015874411776682952
        ]
      ],
      "W": 1242,
      "H": 375,
      "intrinsics": [
        721.5377,
        721.5377,
        609.5593,
        172.854
      ],
      "time": -0.9662162162162162,
      "video_id": 0,
      "is_val": true
    },
    {
      "image_index": 12,
      "rgb_path": "../../../../data2/shanxiaojun/kitti/training/image_02/0005/000006.png",
      "depth_path": "../../../../data2/shanxiaojun/kitti/training/depth_02/0005/000006.parquet",
      "feature_path": "../../../../data2/shanxiaojun/kitti/training/dino_02/0005/000006.parquet",
      "backward_flow_path": "../../../../data2/shanxiaojun/kitti/training/dino_correspondences_02/0005/000005.parquet",
      "forward_flow_path": "../../../../data2/shanxiaojun/kitti/training/dino_correspondences_02/0005/000006.parquet",
      "backward_neighbor_index": 10,
      "forward_neighbor_index": 14,
      "c2w": [
        [
          0.7183157645927601,
          -0.014279420740833049,
          -0.6955707286551669,
          -0.6106985172059982
        ],
        [
          -0.695238219264653,
          0.02236363658770734,
          -0.7184314607111837,
          -0.7308827265569457
        ],
        [
          0.025814274647427273,
          0.9996478934407196,
          0.006136553639118511,
          0.01577116877623268
        ]
      ],
      "W": 1242,
      "H": 375,
      "intrinsics": [
        721.5377,
        721.5377,
        609.5593,
        172.854
      ],
      "time": -0.9594594594594594,
      "video_id": 0,
      "is_val": true
    },
    {
      "image_index": 13,
      "rgb_path": "../../../../data2/shanxiaojun/kitti/training/image_03/0005/000006.png",
      "depth_path": "../../../../data2/shanxiaojun/kitti/training/depth_03/0005/000006.parquet",
      "feature_path": "../../../../data2/shanxiaojun/kitti/training/dino_03/0005/000006.parquet",
      "backward_flow_path": "../../../../data2/shanxiaojun/kitti/training/dino_correspondences_03/0005/000005.parquet",
      "forward_flow_path": "../../../../data2/shanxiaojun/kitti/training/dino_correspondences_03/0005/000006.parquet",
      "backward_neighbor_index": 11,
      "forward_neighbor_index": 15,
      "c2w": [
        [
          0.7183157645927601,
          -0.014279420740833049,
          -0.6955707286551669,
          -0.6090802433239453
        ],
        [
          -0.695238219264653,
          0.02236363658770734,
          -0.7184314607111837,
          -0.7324488161541839
        ],
        [
          0.025814274647427273,
          0.9996478934407196,
          0.006136553639118511,
          0.015840967852498458
        ]
      ],
      "W": 1242,
      "H": 375,
      "intrinsics": [
        721.5377,
        721.5377,
        609.5593,
        172.854
      ],
      "time": -0.9594594594594594,
      "video_id": 0,
      "is_val": true
    },
    {
      "image_index": 14,
      "rgb_path": "../../../../data2/shanxiaojun/kitti/training/image_02/0005/000007.png",
      "depth_path": "../../../../data2/shanxiaojun/kitti/training/depth_02/0005/000007.parquet",
      "feature_path": "../../../../data2/shanxiaojun/kitti/training/dino_02/0005/000007.parquet",
      "backward_flow_path": "../../../../data2/shanxiaojun/kitti/training/dino_correspondences_02/0005/000006.parquet",
      "forward_flow_path": "../../../../data2/shanxiaojun/kitti/training/dino_correspondences_02/0005/000007.parquet",
      "backward_neighbor_index": 12,
      "forward_neighbor_index": 16,
      "c2w": [
        [
          0.7191658292876466,
          -0.01584459126019019,
          -0.6946578560980481,
          -0.6055993441023803
        ],
        [
          -0.6943302440054776,
          0.021845973167254906,
          -0.7193249218382711,
          -0.7255776437349052
        ],
        [
          0.02657288483859362,
          0.9996357573350215,
          0.004709498453015349,
          0.015748850287574723
        ]
      ],
      "W": 1242,
      "H": 375,
      "intrinsics": [
        721.5377,
        721.5377,
        609.5593,
        172.854
      ],
      "time": -0.9527027027027027,
      "video_id": 0,
      "is_val": true
    },
    {
      "image_index": 15,
      "rgb_path": "../../../../data2/shanxiaojun/kitti/training/image_03/0005/000007.png",
      "depth_path": "../../../../data2/shanxiaojun/kitti/training/depth_03/0005/000007.parquet",
      "feature_path": "../../../../data2/shanxiaojun/kitti/training/dino_03/0005/000007.parquet",
      "backward_flow_path": "../../../../data2/shanxiaojun/kitti/training/dino_correspondences_03/0005/000006.parquet",
      "forward_flow_path": "../../../../data2/shanxiaojun/kitti/training/dino_correspondences_03/0005/000007.parquet",
      "backward_neighbor_index": 13,
      "forward_neighbor_index": 17,
      "c2w": [
        [
          0.7191658292876466,
          -0.01584459126019019,
          -0.6946578560980481,
          -0.6039791732774727
        ],
        [
          -0.6943302440054776,
          0.021845973167254906,
          -0.7193249218382711,
          -0.7271416935978012
        ],
        [
          0.02657288483859362,
          0.9996357573350215,
          0.004709498453015349,
          0.01582035849700912
        ]
      ],
      "W": 1242,
      "H": 375,
      "intrinsics": [
        721.5377,
        721.5377,
        609.5593,
        172.854
      ],
      "time": -0.9527027027027027,
      "video_id": 0,
      "is_val": true
    },
    {
      "image_index": 16,
      "rgb_path": "../../../../data2/shanxiaojun/kitti/training/image_02/0005/000008.png",
      "depth_path": "../../../../data2/shanxiaojun/kitti/training/depth_02/0005/000008.parquet",
      "feature_path": "../../../../data2/shanxiaojun/kitti/training/dino_02/0005/000008.parquet",
      "backward_flow_path": "../../../../data2/shanxiaojun/kitti/training/dino_correspondences_02/0005/000007.parquet",
      "forward_flow_path": "../../../../data2/shanxiaojun/kitti/training/dino_correspondences_02/0005/000008.parquet",
      "backward_neighbor_index": 14,
      "forward_neighbor_index": 18,
      "c2w": [
        [
          0.7198433558557487,
          -0.017298501211752575,
          -0.6939210207562863,
          -0.6005162235788769
        ],
        [
          -0.6936168501433704,
          0.020753667737176837,
          -0.7200451568476153,
          -0.7202763228618707
        ],
        [
          0.026857106915370358,
          0.9996349294066664,
          0.0029408578505710995,
          0.015740597104392046
        ]
      ],
      "W": 1242,
      "H": 375,
      "intrinsics": [
        721.5377,
        721.5377,
        609.5593,
        172.854
      ],
      "time": -0.9459459459459459,
      "video_id": 0,
      "is_val": true
    },
    {
      "image_index": 17,
      "rgb_path": "../../../../data2/shanxiaojun/kitti/training/image_03/0005/000008.png",
      "depth_path": "../../../../data2/shanxiaojun/kitti/training/depth_03/0005/000008.parquet",
      "feature_path": "../../../../data2/shanxiaojun/kitti/training/dino_03/0005/000008.parquet",
      "backward_flow_path": "../../../../data2/shanxiaojun/kitti/training/dino_correspondences_03/0005/000007.parquet",
      "forward_flow_path": "../../../../data2/shanxiaojun/kitti/training/dino_correspondences_03/0005/000008.parquet",
      "backward_neighbor_index": 15,
      "forward_neighbor_index": 19,
      "c2w": [
        [
          0.7198433558557487,
          -0.017298501211752575,
          -0.6939210207562863,
          -0.5988945432376278
        ],
        [
          -0.6936168501433704,
          0.020753667737176837,
          -0.7200451568476153,
          -0.7218387780895101
        ],
        [
          0.026857106915370358,
          0.9996349294066664,
          0.0029408578505710995,
          0.015812745787017867
        ]
      ],
      "W": 1242,
      "H": 375,
      "intrinsics": [
        721.5377,
        721.5377,
        609.5593,
        172.854
      ],
      "time": -0.9459459459459459,
      "video_id": 0,
      "is_val": true
    },
    {
      "image_index": 18,
      "rgb_path": "../../../../data2/shanxiaojun/kitti/training/image_02/0005/000009.png",
      "depth_path": "../../../../data2/shanxiaojun/kitti/training/depth_02/0005/000009.parquet",
      "feature_path": "../../../../data2/shanxiaojun/kitti/training/dino_02/0005/000009.parquet",
      "backward_flow_path": "../../../../data2/shanxiaojun/kitti/training/dino_correspondences_02/0005/000008.parquet",
      "forward_flow_path": "../../../../data2/shanxiaojun/kitti/training/dino_correspondences_02/0005/000009.parquet",
      "backward_neighbor_index": 16,
      "forward_neighbor_index": 20,
      "c2w": [
        [
          0.7206706411261127,
          -0.018548969744090933,
          -0.6930294661444831,
          -0.5949378148281845
        ],
        [
          -0.6927493228055283,
          0.019752291499847394,
          -0.7209079692423017,
          -0.7144487912589199
        ],
        [
          0.02706101874837341,
          0.9996327964110254,
          0.001385110278509941,
          0.015746505751555194
        ]
      ],
      "W": 1242,
      "H": 375,
      "intrinsics": [
        721.5377,
        721.5377,
        609.5593,
        172.854
      ],
      "time": -0.9391891891891891,
      "video_id": 0,
      "is_val": true
    },
    {
      "image_index": 19,
      "rgb_path": "../../../../data2/shanxiaojun/kitti/training/image_03/0005/000009.png",
      "depth_path": "../../../../data2/shanxiaojun/kitti/training/depth_03/0005/000009.parquet",
      "feature_path": "../../../../data2/shanxiaojun/kitti/training/dino_03/0005/000009.parquet",
      "backward_flow_path": "../../../../data2/shanxiaojun/kitti/training/dino_correspondences_03/0005/000008.parquet",
      "forward_flow_path": "../../../../data2/shanxiaojun/kitti/training/dino_correspondences_03/0005/000009.parquet",
      "backward_neighbor_index": 17,
      "forward_neighbor_index": 21,
      "c2w": [
        [
          0.7206706411261127,
          -0.018548969744090933,
          -0.6930294661444831,
          -0.5933142852009836
        ],
        [
          -0.6927493228055283,
          0.019752291499847394,
          -0.7209079692423017,
          -0.7160093035116035
        ],
        [
          0.02706101874837341,
          0.9996327964110254,
          0.001385110278509941,
          0.01581911393571231
        ]
      ],
      "W": 1242,
      "H": 375,
      "intrinsics": [
        721.5377,
        721.5377,
        609.5593,
        172.854
      ],
      "time": -0.9391891891891891,
      "video_id": 0,
      "is_val": true
    },
    {
      "image_index": 20,
      "rgb_path": "../../../../data2/shanxiaojun/kitti/training/image_02/0005/000010.png",
      "depth_path": "../../../../data2/shanxiaojun/kitti/training/depth_02/0005/000010.parquet",
      "feature_path": "../../../../data2/shanxiaojun/kitti/training/dino_02/0005/000010.parquet",
      "backward_flow_path": "../../../../data2/shanxiaojun/kitti/training/dino_correspondences_02/0005/000009.parquet",
      "forward_flow_path": "../../../../data2/shanxiaojun/kitti/training/dino_correspondences_02/0005/000010.parquet",
      "backward_neighbor_index": 18,
      "forward_neighbor_index": 22,
      "c2w": [
        [
          0.7214477812487747,
          -0.01888126329055155,
          -0.6922114381261245,
          -0.5898831384697405
        ],
        [
          -0.6919416067844718,
          0.0193469164908924,
          -0.7216942475636003,
          -0.7091526043093315
        ],
        [
          0.027018654594253923,
          0.9996345030447059,
          0.0008930582409327602,
          0.015762020376758626
        ]
      ],
      "W": 1242,
      "H": 375,
      "intrinsics": [
        721.5377,
        721.5377,
        609.5593,
        172.854
      ],
      "time": -0.9324324324324325,
      "video_id": 0,
      "is_val": true
    },
    {
      "image_index": 21,
      "rgb_path": "../../../../data2/shanxiaojun/kitti/training/image_03/0005/000010.png",
      "depth_path": "../../../../data2/shanxiaojun/kitti/training/depth_03/0005/000010.parquet",
      "feature_path": "../../../../data2/shanxiaojun/kitti/training/dino_03/0005/000010.parquet",
      "backward_flow_path": "../../../../data2/shanxiaojun/kitti/training/dino_correspondences_03/0005/000009.parquet",
      "forward_flow_path": "../../../../data2/shanxiaojun/kitti/training/dino_correspondences_03/0005/000010.parquet",
      "backward_neighbor_index": 19,
      "forward_neighbor_index": 23,
      "c2w": [
        [
          0.7214477812487747,
          -0.01888126329055155,
          -0.6922114381261245,
          -0.5882578618398066
        ],
        [
          -0.6919416067844718,
          0.0193469164908924,
          -0.7216942475636003,
          -0.7107113014146181
        ],
        [
          0.027018654594253923,
          0.9996345030447059,
          0.0008930582409327602,
          0.015834533165965968
        ]
      ],
      "W": 1242,
      "H": 375,
      "intrinsics": [
        721.5377,
        721.5377,
        609.5593,
        172.854
      ],
      "time": -0.9324324324324325,
      "video_id": 0,
      "is_val": true
    },
    {
      "image_index": 22,
      "rgb_path": "../../../../data2/shanxiaojun/kitti/training/image_02/0005/000011.png",
      "depth_path": "../../../../data2/shanxiaojun/kitti/training/depth_02/0005/000011.parquet",
      "feature_path": "../../../../data2/shanxiaojun/kitti/training/dino_02/0005/000011.parquet",
      "backward_flow_path": "../../../../data2/shanxiaojun/kitti/training/dino_correspondences_02/0005/000010.parquet",
      "forward_flow_path": "../../../../data2/shanxiaojun/kitti/training/dino_correspondences_02/0005/000011.parquet",
      "backward_neighbor_index": 20,
      "forward_neighbor_index": 24,
      "c2w": [
        [
          0.7221640962794238,
          -0.019561101319449443,
          -0.6914451964126886,
          -0.5848437566792061
        ],
        [
          -0.6912006942113975,
          0.01838847013202076,
          -0.7224289181605519,
          -0.7038655941298337
        ],
        [
          0.02684612320141757,
          0.999639521247516,
          -0.0002411539833738329,
          0.015787680275603174
        ]
      ],
      "W": 1242,
      "H": 375,
      "intrinsics": [
        721.5377,
        721.5377,
        609.5593,
        172.854
      ],
      "time": -0.9256756756756757,
      "video_id": 0,
      "is_val": true
    },
    {
      "image_index": 23,
      "rgb_path": "../../../../data2/shanxiaojun/kitti/training/image_03/0005/000011.png",
      "depth_path": "../../../../data2/shanxiaojun/kitti/training/depth_03/0005/000011.parquet",
      "feature_path": "../../../../data2/shanxiaojun/kitti/training/dino_03/0005/000011.parquet",
      "backward_flow_path": "../../../../data2/shanxiaojun/kitti/training/dino_correspondences_03/0005/000010.parquet",
      "forward_flow_path": "../../../../data2/shanxiaojun/kitti/training/dino_correspondences_03/0005/000011.parquet",
      "backward_neighbor_index": 21,
      "forward_neighbor_index": 25,
      "c2w": [
        [
          0.7221640962794238,
          -0.019561101319449443,
          -0.6914451964126886,
          -0.5832168741314928
        ],
        [
          -0.6912006942113975,
          0.01838847013202076,
          -0.7224289181605519,
          -0.7054226330396016
        ],
        [
          0.02684612320141757,
          0.999639521247516,
          -0.0002411539833738329,
          0.015859804480004815
        ]
      ],
      "W": 1242,
      "H": 375,
      "intrinsics": [
        721.5377,
        721.5377,
        609.5593,
        172.854
      ],
      "time": -0.9256756756756757,
      "video_id": 0,
      "is_val": true
    },
    {
      "image_index": 24,
      "rgb_path": "../../../../data2/shanxiaojun/kitti/training/image_02/0005/000012.png",
      "depth_path": "../../../../data2/shanxiaojun/kitti/training/depth_02/0005/000012.parquet",
      "feature_path": "../../../../data2/shanxiaojun/kitti/training/dino_02/0005/000012.parquet",
      "backward_flow_path": "../../../../data2/shanxiaojun/kitti/training/dino_correspondences_02/0005/000011.parquet",
      "forward_flow_path": "../../../../data2/shanxiaojun/kitti/training/dino_correspondences_02/0005/000012.parquet",
      "backward_neighbor_index": 22,
      "forward_neighbor_index": 26,
      "c2w": [
        [
          0.7228459504304844,
          -0.01928786201403039,
          -0.6907400297097386,
          -0.579317090686837
        ],
        [
          -0.6905077135400143,
          0.017917544538045217,
          -0.7231031298587218,
          -0.6980535621240523
        ],
        [
          0.026323477208214652,
          0.9996533823957402,
          -0.00036679307541711594,
          0.015815745974493294
        ]
      ],
      "W": 1242,
      "H": 375,
      "intrinsics": [
        721.5377,
        721.5377,
        609.5593,
        172.854
      ],
      "time": -0.9189189189189189,
      "video_id": 0,
      "is_val": true
    },
    {
      "image_index": 25,
      "rgb_path": "../../../../data2/shanxiaojun/kitti/training/image_03/0005/000012.png",
      "depth_path": "../../../../data2/shanxiaojun/kitti/training/depth_03/0005/000012.parquet",
      "feature_path": "../../../../data2/shanxiaojun/kitti/training/dino_03/0005/000012.parquet",
      "backward_flow_path": "../../../../data2/shanxiaojun/kitti/training/dino_correspondences_03/0005/000011.parquet",
      "forward_flow_path": "../../../../data2/shanxiaojun/kitti/training/dino_correspondences_03/0005/000012.parquet",
      "backward_neighbor_index": 23,
      "forward_neighbor_index": 27,
      "c2w": [
        [
          0.7228459504304844,
          -0.01928786201403039,
          -0.6907400297097386,
          -0.5776886687613938
        ],
        [
          -0.6905077135400143,
          0.017917544538045217,
          -0.7231031298587218,
          -0.6996090451594323
        ],
        [
          0.026323477208214652,
          0.9996533823957402,
          -0.00036679307541711594,
          0.01588669280718537
        ]
      ],
      "W": 1242,
      "H": 375,
      "intrinsics": [
        721.5377,
        721.5377,
        609.5593,
        172.854
      ],
      "time": -0.9189189189189189,
      "video_id": 0,
      "is_val": true
    },
    {
      "image_index": 26,
      "rgb_path": "../../../../data2/shanxiaojun/kitti/training/image_02/0005/000013.png",
      "depth_path": "../../../../data2/shanxiaojun/kitti/training/depth_02/0005/000013.parquet",
      "feature_path": "../../../../data2/shanxiaojun/kitti/training/dino_02/0005/000013.parquet",
      "backward_flow_path": "../../../../data2/shanxiaojun/kitti/training/dino_correspondences_02/0005/000012.parquet",
      "forward_flow_path": "../../../../data2/shanxiaojun/kitti/training/dino_correspondences_02/0005/000013.parquet",
      "backward_neighbor_index": 24,
      "forward_neighbor_index": 28,
      "c2w": [
        [
          0.723356212912583,
          -0.019037910829534127,
          -0.6902125944499535,
          -0.5743075618661109
        ],
        [
          -0.6899544565308462,
          0.01888294124593723,
          -0.7236064950557314,
          -0.6927721433234545
        ],
        [
          0.026809198390306956,
          0.9996404040652509,
          0.000523801368884285,
          0.015833175358691554
        ]
      ],
      "W": 1242,
      "H": 375,
      "intrinsics": [
        721.5377,
        721.5377,
        609.5593,
        172.854
      ],
      "time": -0.9121621621621622,
      "video_id": 0,
      "is_val": true
    },
    {
      "image_index": 27,
      "rgb_path": "../../../../data2/shanxiaojun/kitti/training/image_03/0005/000013.png",
      "depth_path": "../../../../data2/shanxiaojun/kitti/training/depth_03/0005/000013.parquet",
      "feature_path": "../../../../data2/shanxiaojun/kitti/training/dino_03/0005/000013.parquet",
      "backward_flow_path": "../../../../data2/shanxiaojun/kitti/training/dino_correspondences_03/0005/000012.parquet",
      "forward_flow_path": "../../../../data2/shanxiaojun/kitti/training/dino_correspondences_03/0005/000013.parquet",
      "backward_neighbor_index": 25,
      "forward_neighbor_index": 29,
      "c2w": [
        [
          0.723356212912583,
          -0.019037910829534127,
          -0.6902125944499535,
          -0.5726779874247089
        ],
        [
          -0.6899544565308462,
          0.01888294124593723,
          -0.7236064950557314,
          -0.6943263685774078
        ],
        [
          0.026809198390306956,
          0.9996404040652509,
          0.000523801368884285,
          0.01590521632865126
        ]
      ],
      "W": 1242,
      "H": 375,
      "intrinsics": [
        721.5377,
        721.5377,
        609.5593,
        172.854
      ],
      "time": -0.9121621621621622,
      "video_id": 0,
      "is_val": true
    },
    {
      "image_index": 28,
      "rgb_path": "../../../../data2/shanxiaojun/kitti/training/image_02/0005/000014.png",
      "depth_path": "../../../../data2/shanxiaojun/kitti/training/depth_02/0005/000014.parquet",
      "feature_path": "../../../../data2/shanxiaojun/kitti/training/dino_02/0005/000014.parquet",
      "backward_flow_path": "../../../../data2/shanxiaojun/kitti/training/dino_correspondences_02/0005/000013.parquet",
      "forward_flow_path": "../../../../data2/shanxiaojun/kitti/training/dino_correspondences_02/0005/000014.parquet",
      "backward_neighbor_index": 26,
      "forward_neighbor_index": 30,
      "c2w": [
        [
          0.7237365096557629,
          -0.018008874884973186,
          -0.6898414480028251,
          -0.5693083248738533
        ],
        [
          -0.6895483591767365,
          0.02022976062210643,
          -0.7239571080969789,
          -0.6874952190761126
        ],
        [
          0.026992978944611137,
          0.999633123785491,
          0.0022230261526274206,
          0.015846227201587956
        ]
      ],
      "W": 1242,
      "H": 375,
      "intrinsics": [
        721.5377,
        721.5377,
        609.5593,
        172.854
      ],
      "time": -0.9054054054054054,
      "video_id": 0,
      "is_val": true
    },
    {
      "image_index": 29,
      "rgb_path": "../../../../data2/shanxiaojun/kitti/training/image_03/0005/000014.png",
      "depth_path": "../../../../data2/shanxiaojun/kitti/training/depth_03/0005/000014.parquet",
      "feature_path": "../../../../data2/shanxiaojun/kitti/training/dino_03/0005/000014.parquet",
      "backward_flow_path": "../../../../data2/shanxiaojun/kitti/training/dino_correspondences_03/0005/000013.parquet",
      "forward_flow_path": "../../../../data2/shanxiaojun/kitti/training/dino_correspondences_03/0005/000014.parquet",
      "backward_neighbor_index": 27,
      "forward_neighbor_index": 31,
      "c2w": [
        [
          0.7237365096557629,
          -0.018008874884973186,
          -0.6898414480028251,
          -0.5676778816535947
        ],
        [
          -0.6895483591767365,
          0.02022976062210643,
          -0.7239571080969789,
          -0.6890485136694162
        ],
        [
          0.026992978944611137,
          0.999633123785491,
          0.0022230261526274206,
          0.015918682036626528
        ]
      ],
      "W": 1242,
      "H": 375,
      "intrinsics": [
        721.5377,
        721.5377,
        609.5593,
        172.854
      ],
      "time": -0.9054054054054054,
      "video_id": 0,
      "is_val": true
    },
    {
      "image_index": 30,
      "rgb_path": "../../../../data2/shanxiaojun/kitti/training/image_02/0005/000015.png",
      "depth_path": "../../../../data2/shanxiaojun/kitti/training/depth_02/0005/000015.parquet",
      "feature_path": "../../../../data2/shanxiaojun/kitti/training/dino_02/0005/000015.parquet",
      "backward_flow_path": "../../../../data2/shanxiaojun/kitti/training/dino_correspondences_02/0005/000014.parquet",
      "forward_flow_path": "../../../../data2/shanxiaojun/kitti/training/dino_correspondences_02/0005/000015.parquet",
      "backward_neighbor_index": 28,
      "forward_neighbor_index": 32,
      "c2w": [
        [
          0.7238278582522037,
          -0.018083398865374065,
