{
  "origin": [
    826.2849559443769,
    1104.383434284094,
    8.69788241406323
  ],
  "scene_bounds": [
    [
      -0.9839431122563339,
      -0.17730738227269824,
      -0.02044612518113803
    ],
    [
      0.9839431122563339,
      0.17730738227269824,
      0.02044612518113803
    ]
  ],
  "pose_scale_factor": 542.9795434489654,
  "frames": [
    {
      "image_index": 0,
      "rgb_path": "/data2/zhouzhexian/dataset/nusc_kitti/mini_train/CAM_FRONT_LEFT/image_2/000000_ca9a282c9e77460f8360f564131a8af5.png",
      "depth_path": "/data2/zhouzhexian/dataset/nusc_kitti/mini_train/CAM_FRONT_LEFT/depth/000000_ca9a282c9e77460f8360f564131a8af5.parquet",
      "feature_path": "/data2/zhouzhexian/dataset/nusc_kitti/mini_train/CAM_FRONT_LEFT/dino/000000_ca9a282c9e77460f8360f564131a8af5.parquet",
      "backward_flow_path": null,
      "forward_flow_path": "/data2/zhouzhexian/dataset/nusc_kitti/mini_train/CAM_FRONT_LEFT/dino_correspondences/000001_39586f9d59004284a7114a68825e8eec.parquet",
      "backward_neighbor_index": null,
      "forward_neighbor_index": 3,
      "c2w": [
        [
          -0.8203431339483922,
          0.02704880986903977,
          -0.5712315681651126,
          -0.7638015958226405
        ],
        [
          -0.5713450076193204,
          0.004091584492233034,
          0.8206997875013353,
          0.13958176863428173
        ],
        [
          0.024536194737464535,
          0.9996257403753791,
          0.012097699235543,
          -0.01663818851772996
        ]
      ],
      "W": 1600,
      "H": 900,
      "intrinsics": [
        1272.59794706,
        1272.59794706,
        826.6154927354,
        479.7516538636
      ],
      "time": -1.0,
      "video_id": 0,
      "is_val": true
    },
    {
      "image_index": 1,
      "rgb_path": "/data2/zhouzhexian/dataset/nusc_kitti/mini_train/CAM_FRONT/image_2/000000_ca9a282c9e77460f8360f564131a8af5.png",
      "depth_path": "/data2/zhouzhexian/dataset/nusc_kitti/mini_train/CAM_FRONT/depth/000000_ca9a282c9e77460f8360f564131a8af5.parquet",
      "feature_path": "/data2/zhouzhexian/dataset/nusc_kitti/mini_train/CAM_FRONT/dino/000000_ca9a282c9e77460f8360f564131a8af5.parquet",
      "backward_flow_path": null,
      "forward_flow_path": "/data2/zhouzhexian/dataset/nusc_kitti/mini_train/CAM_FRONT/dino_correspondences/000001_39586f9d59004284a7114a68825e8eec.parquet",
      "backward_neighbor_index": null,
      "forward_neighbor_index": 4,
      "c2w": [
        [
          -0.9393253458525485,
          0.029013868328012032,
          0.34179831784789344,
          -0.7647409493532914
        ],
        [
          0.34187911614881594,
          -0.002282726955322001,
          0.9397411660127486,
          0.13958233154764055
        ],
        [
          0.0280457586865404,
          0.9995764025837724,
          -0.007775012373249374,
          -0.016606820289999
        ]
      ],
      "W": 1600,
      "H": 900,
      "intrinsics": [
        1266.417203047,
        1266.417203047,
        816.2670197448,
        491.5070657929
      ],
      "time": -1.0,
      "video_id": 0,
      "is_val": true
    },
    {
      "image_index": 2,
      "rgb_path": "/data2/zhouzhexian/dataset/nusc_kitti/mini_train/CAM_FRONT_RIGHT/image_2/000000_ca9a282c9e77460f8360f564131a8af5.png",
      "depth_path": "/data2/zhouzhexian/dataset/nusc_kitti/mini_train/CAM_FRONT_RIGHT/depth/000000_ca9a282c9e77460f8360f564131a8af5.parquet",
      "feature_path": "/data2/zhouzhexian/dataset/nusc_kitti/mini_train/CAM_FRONT_RIGHT/dino/000000_ca9a282c9e77460f8360f564131a8af5.parquet",
      "backward_flow_path": null,
      "forward_flow_path": "/data2/zhouzhexian/dataset/nusc_kitti/mini_train/CAM_FRONT_RIGHT/dino_correspondences/000001_39586f9d59004284a7114a68825e8eec.parquet",
      "backward_neighbor_index": null,
      "forward_neighbor_index": 5,
      "c2w": [
        [
          -0.22994102650311712,
          0.014824489516170441,
          0.9730916497644826,
          -0.7655253169305334
        ],
        [
          0.9731900091171497,
          0.008971113632873985,
          0.2298275990274778,
          0.14016691552366756
        ],
        [
          -0.005322638932930043,
          0.9998498655451666,
          -0.016489872165020875,
          -0.01661308376523009
        ]
      ],
      "W": 1600,
      "H": 900,
      "intrinsics": [
        1260.8474446,
        1260.8474446,
        807.9682445256,
        495.3344268742
      ],
      "time": -1.0,
      "video_id": 0,
      "is_val": true
    },
    {
      "image_index": 3,
      "rgb_path": "/data2/zhouzhexian/dataset/nusc_kitti/mini_train/CAM_FRONT_LEFT/image_2/000001_39586f9d59004284a7114a68825e8eec.png",
      "depth_path": "/data2/zhouzhexian/dataset/nusc_kitti/mini_train/CAM_FRONT_LEFT/depth/000001_39586f9d59004284a7114a68825e8eec.parquet",
      "feature_path": "/data2/zhouzhexian/dataset/nusc_kitti/mini_train/CAM_FRONT_LEFT/dino/000001_39586f9d59004284a7114a68825e8eec.parquet",
      "backward_flow_path": "/data2/zhouzhexian/dataset/nusc_kitti/mini_train/CAM_FRONT_LEFT/dino_correspondences/000000_ca9a282c9e77460f8360f564131a8af5.parquet",
      "forward_flow_path": "/data2/zhouzhexian/dataset/nusc_kitti/mini_train/CAM_FRONT_LEFT/dino_correspondences/000002_356d81f38dd9473ba590f39e266f54e5.parquet",
      "backward_neighbor_index": 0,
      "forward_neighbor_index": 6,
      "c2w": [
        [
          -0.8169431970918288,
          0.028803857076230246,
          -0.5759983945662405,
          -0.7666694648591434
        ],
        [
          -0.5762301491648152,
          0.00031032928411451124,
          0.8172874151050806,
          0.1318271763242514
        ],
        [
          0.023719779064326554,
          0.9995850346585223,
          0.01634412946203826,
          -0.01664421638693999
        ]
      ],
      "W": 1600,
      "H": 900,
      "intrinsics": [
        1272.59794706,
        1272.59794706,
        826.6154927354,
        479.7516538636
      ],
      "time": -0.995049504950495,
      "video_id": 0,
      "is_val": true
    },
    {
      "image_index": 4,
      "rgb_path": "/data2/zhouzhexian/dataset/nusc_kitti/mini_train/CAM_FRONT/image_2/000001_39586f9d59004284a7114a68825e8eec.png",
      "depth_path": "/data2/zhouzhexian/dataset/nusc_kitti/mini_train/CAM_FRONT/depth/000001_39586f9d59004284a7114a68825e8eec.parquet",
      "feature_path": "/data2/zhouzhexian/dataset/nusc_kitti/mini_train/CAM_FRONT/dino/000001_39586f9d59004284a7114a68825e8eec.parquet",
      "backward_flow_path": "/data2/zhouzhexian/dataset/nusc_kitti/mini_train/CAM_FRONT/dino_correspondences/000000_ca9a282c9e77460f8360f564131a8af5.parquet",
      "forward_flow_path": "/data2/zhouzhexian/dataset/nusc_kitti/mini_train/CAM_FRONT/dino_correspondences/000002_356d81f38dd9473ba590f39e266f54e5.parquet",
      "backward_neighbor_index": 1,
      "forward_neighbor_index": 7,
      "c2w": [
        [
          -0.9412570071555584,
          0.030806064716046525,
          0.33628296545808634,
          -0.7676087482932052
        ],
        [
          0.33626082345083563,
          -0.0060521246087267035,
          0.9417494520305991,
          0.1318221161860363
        ],
        [
          0.031046820976299298,
          0.9995070575861149,
          -0.004662267992560181,
          -0.01661119573238793
        ]
      ],
      "W": 1600,
      "H": 900,
      "intrinsics": [
        1266.417203047,
        1266.417203047,
        816.2670197448,
        491.5070657929
      ],
      "time": -0.995049504950495,
      "video_id": 0,
      "is_val": true
    },
    {
      "image_index": 5,
      "rgb_path": "/data2/zhouzhexian/dataset/nusc_kitti/mini_train/CAM_FRONT_RIGHT/image_2/000001_39586f9d59004284a7114a68825e8eec.png",
      "depth_path": "/data2/zhouzhexian/dataset/nusc_kitti/mini_train/CAM_FRONT_RIGHT/depth/000001_39586f9d59004284a7114a68825e8eec.parquet",
      "feature_path": "/data2/zhouzhexian/dataset/nusc_kitti/mini_train/CAM_FRONT_RIGHT/dino/000001_39586f9d59004284a7114a68825e8eec.parquet",
      "backward_flow_path": "/data2/zhouzhexian/dataset/nusc_kitti/mini_train/CAM_FRONT_RIGHT/dino_correspondences/000000_ca9a282c9e77460f8360f564131a8af5.parquet",
      "forward_flow_path": "/data2/zhouzhexian/dataset/nusc_kitti/mini_train/CAM_FRONT_RIGHT/dino_correspondences/000002_356d81f38dd9473ba590f39e266f54e5.parquet",
      "backward_neighbor_index": 2,
      "forward_neighbor_index": 8,
      "c2w": [
        [
          -0.23563692429559652,
          0.01655163106831561,
          0.9717002024377539,
          -0.7683965307160373
        ],
        [
          0.971840567279076,
          0.005117286733096818,
          0.23558379648685807,
          0.13240211823276388
        ],
        [
          -0.0010731724693603117,
          0.9998499171802661,
          -0.017291368233354032,
          -0.016613771086174754
        ]
      ],
      "W": 1600,
      "H": 900,
      "intrinsics": [
        1260.8474446,
        1260.8474446,
        807.9682445256,
        495.3344268742
      ],
      "time": -0.995049504950495,
      "video_id": 0,
      "is_val": true
    },
    {
      "image_index": 6,
      "rgb_path": "/data2/zhouzhexian/dataset/nusc_kitti/mini_train/CAM_FRONT_LEFT/image_2/000002_356d81f38dd9473ba590f39e266f54e5.png",
      "depth_path": "/data2/zhouzhexian/dataset/nusc_kitti/mini_train/CAM_FRONT_LEFT/depth/000002_356d81f38dd9473ba590f39e266f54e5.parquet",
      "feature_path": "/data2/zhouzhexian/dataset/nusc_kitti/mini_train/CAM_FRONT_LEFT/dino/000002_356d81f38dd9473ba590f39e266f54e5.parquet",
      "backward_flow_path": "/data2/zhouzhexian/dataset/nusc_kitti/mini_train/CAM_FRONT_LEFT/dino_correspondences/000001_39586f9d59004284a7114a68825e8eec.parquet",
      "forward_flow_path": "/data2/zhouzhexian/dataset/nusc_kitti/mini_train/CAM_FRONT_LEFT/dino_correspondences/000003_e0845f5322254dafadbbed75aaa07969.parquet",
      "backward_neighbor_index": 3,
      "forward_neighbor_index": 9,
      "c2w": [
        [
          -0.8133291276434933,
          0.028946879521790356,
          -0.5810833058113065,
          -0.7696840768911511
        ],
        [
          -0.5811778178162005,
          0.0058979079980921965,
          0.8137552204192353,
          0.12349240213710617
        ],
        [
          0.02698285020260728,
          0.9995635511798173,
          0.012026343906048748,
          -0.016637178112757913
        ]
      ],
      "W": 1600,
      "H": 900,
      "intrinsics": [
        1272.59794706,
        1272.59794706,
        826.6154927354,
        479.7516538636
      ],
      "time": -0.9900990099009901,
      "video_id": 0,
      "is_val": true
    },
    {
      "image_index": 7,
      "rgb_path": "/data2/zhouzhexian/dataset/nusc_kitti/mini_train/CAM_FRONT/image_2/000002_356d81f38dd9473ba590f39e266f54e5.png",
      "depth_path": "/data2/zhouzhexian/dataset/nusc_kitti/mini_train/CAM_FRONT/depth/000002_356d81f38dd9473ba590f39e266f54e5.parquet",
      "feature_path": "/data2/zhouzhexian/dataset/nusc_kitti/mini_train/CAM_FRONT/dino/000002_356d81f38dd9473ba590f39e266f54e5.parquet",
      "backward_flow_path": "/data2/zhouzhexian/dataset/nusc_kitti/mini_train/CAM_FRONT/dino_correspondences/000001_39586f9d59004284a7114a68825e8eec.parquet",
      "forward_flow_path": "/data2/zhouzhexian/dataset/nusc_kitti/mini_train/CAM_FRONT/dino_correspondences/000003_e0845f5322254dafadbbed75aaa07969.parquet",
      "backward_neighbor_index": 4,
      "forward_neighbor_index": 10,
      "c2w": [
        [
          -0.9433318663327934,
          0.030988727885957232,
          0.3304008000975637,
          -0.7706233056642529
        ],
        [
          0.33054628922665436,
          -0.00045226221494102346,
          0.9437896726164278,
          0.1234816620885983
        ],
        [
          0.029396269143956454,
          0.9995196317246199,
          -0.009816575651270901,
          -0.01660396213369967
        ]
      ],
      "W": 1600,
      "H": 900,
      "intrinsics": [
        1266.417203047,
        1266.417203047,
        816.2670197448,
        491.5070657929
      ],
      "time": -0.9900990099009901,
      "video_id": 0,
      "is_val": true
    },
    {
      "image_index": 8,
      "rgb_path": "/data2/zhouzhexian/dataset/nusc_kitti/mini_train/CAM_FRONT_RIGHT/image_2/000002_356d81f38dd9473ba590f39e266f54e5.png",
      "depth_path": "/data2/zhouzhexian/dataset/nusc_kitti/mini_train/CAM_FRONT_RIGHT/depth/000002_356d81f38dd9473ba590f39e266f54e5.parquet",
      "feature_path": "/data2/zhouzhexian/dataset/nusc_kitti/mini_train/CAM_FRONT_RIGHT/dino/000002_356d81f38dd9473ba590f39e266f54e5.parquet",
      "backward_flow_path": "/data2/zhouzhexian/dataset/nusc_kitti/mini_train/CAM_FRONT_RIGHT/dino_correspondences/000001_39586f9d59004284a7114a68825e8eec.parquet",
      "forward_flow_path": "/data2/zhouzhexian/dataset/nusc_kitti/mini_train/CAM_FRONT_RIGHT/dino_correspondences/000003_e0845f5322254dafadbbed75aaa07969.parquet",
      "backward_neighbor_index": 5,
      "forward_neighbor_index": 11,
      "c2w": [
        [
          -0.2416951505373059,
          0.016664943251076682,
          0.9702091186302401,
          -0.7714146913660366
        ],
        [
          0.9703318599958077,
          0.010629712040755412,
          0.24154314459117385,
          0.12405671668011803
        ],
        [
          -0.006287740753057644,
          0.9998046253585161,
          -0.01873967523340348,
          -0.01660953350362609
        ]
      ],
      "W": 1600,
      "H": 900,
      "intrinsics": [
        1260.8474446,
        1260.8474446,
        807.9682445256,
        495.3344268742
      ],
      "time": -0.9900990099009901,
      "video_id": 0,
      "is_val": true
    },
    {
      "image_index": 9,
      "rgb_path": "/data2/zhouzhexian/dataset/nusc_kitti/mini_train/CAM_FRONT_LEFT/image_2/000003_e0845f5322254dafadbbed75aaa07969.png",
      "depth_path": "/data2/zhouzhexian/dataset/nusc_kitti/mini_train/CAM_FRONT_LEFT/depth/000003_e0845f5322254dafadbbed75aaa07969.parquet",
      "feature_path": "/data2/zhouzhexian/dataset/nusc_kitti/mini_train/CAM_FRONT_LEFT/dino/000003_e0845f5322254dafadbbed75aaa07969.parquet",
      "backward_flow_path": "/data2/zhouzhexian/dataset/nusc_kitti/mini_train/CAM_FRONT_LEFT/dino_correspondences/000002_356d81f38dd9473ba590f39e266f54e5.parquet",
      "forward_flow_path": "/data2/zhouzhexian/dataset/nusc_kitti/mini_train/CAM_FRONT_LEFT/dino_correspondences/000004_c923fe08b2ff4e27975d2bf30934383b.parquet",
      "backward_neighbor_index": 6,
      "forward_neighbor_index": 12,
      "c2w": [
        [
          -0.806706592762785,
          0.023709805557916214,
          -0.5904763486486423,
          -0.7721996921404769
        ],
        [
          -0.5906368604777658,
          0.0002875658480359332,
          0.8069374302576154,
          0.11624490453315887
        ],
        [
          0.019302130400758073,
          0.9997188416881508,
          0.013771903851797784,
          -0.016642389720875447
        ]
      ],
      "W": 1600,
      "H": 900,
      "intrinsics": [
        1272.59794706,
        1272.59794706,
        826.6154927354,
        479.7516538636
      ],
      "time": -0.9851485148514851,
      "video_id": 0,
      "is_val": true
    },
    {
      "image_index": 10,
      "rgb_path": "/data2/zhouzhexian/dataset/nusc_kitti/mini_train/CAM_FRONT/image_2/000003_e0845f5322254dafadbbed75aaa07969.png",
      "depth_path": "/data2/zhouzhexian/dataset/nusc_kitti/mini_train/CAM_FRONT/depth/000003_e0845f5322254dafadbbed75aaa07969.parquet",
      "feature_path": "/data2/zhouzhexian/dataset/nusc_kitti/mini_train/CAM_FRONT/dino/000003_e0845f5322254dafadbbed75aaa07969.parquet",
      "backward_flow_path": "/data2/zhouzhexian/dataset/nusc_kitti/mini_train/CAM_FRONT/dino_correspondences/000002_356d81f38dd9473ba590f39e266f54e5.parquet",
      "forward_flow_path": "/data2/zhouzhexian/dataset/nusc_kitti/mini_train/CAM_FRONT/dino_correspondences/000004_c923fe08b2ff4e27975d2bf30934383b.parquet",
      "backward_neighbor_index": 7,
      "forward_neighbor_index": 13,
      "c2w": [
        [
          -0.947217595655368,
          0.0258248936171288,
          0.3195495287909801,
          -0.7731388939369023
        ],
        [
          0.31950250105649797,
          -0.006038345467414188,
          0.9475661930454801,
          0.11622317371420562
        ],
        [
          0.02640034657937563,
          0.9996482447609758,
          -0.00253149102481531,
          -0.01661415684592671
        ]
      ],
      "W": 1600,
      "H": 900,
      "intrinsics": [
        1266.417203047,
        1266.417203047,
        816.2670197448,
        491.5070657929
      ],
      "time": -0.9851485148514851,
      "video_id": 0,
      "is_val": true
    },
    {
      "image_index": 11,
      "rgb_path": "/data2/zhouzhexian/dataset/nusc_kitti/mini_train/CAM_FRONT_RIGHT/image_2/000003_e0845f5322254dafadbbed75aaa07969.png",
      "depth_path": "/data2/zhouzhexian/dataset/nusc_kitti/mini_train/CAM_FRONT_RIGHT/depth/000003_e0845f5322254dafadbbed75aaa07969.parquet",
      "feature_path": "/data2/zhouzhexian/dataset/nusc_kitti/mini_train/CAM_FRONT_RIGHT/dino/000003_e0845f5322254dafadbbed75aaa07969.parquet",
      "backward_flow_path": "/data2/zhouzhexian/dataset/nusc_kitti/mini_train/CAM_FRONT_RIGHT/dino_correspondences/000002_356d81f38dd9473ba590f39e266f54e5.parquet",
      "forward_flow_path": "/data2/zhouzhexian/dataset/nusc_kitti/mini_train/CAM_FRONT_RIGHT/dino_correspondences/000004_c923fe08b2ff4e27975d2bf30934383b.parquet",
      "backward_neighbor_index": 8,
      "forward_neighbor_index": 14,
      "c2w": [
        [
          -0.25282489002015707,
          0.011373076281547451,
          0.967445206780346,
          -0.7739368143030022
        ],
        [
          0.9675102993972479,
          0.00487638895879907,
          0.2527845750653255,
          0.11678911819417886
        ],
        [
          -0.0018427008695716986,
          0.9999234340520925,
          -0.012236440940433645,
          -0.016620488301440178
        ]
      ],
      "W": 1600,
      "H": 900,
      "intrinsics": [
        1260.8474446,
        1260.8474446,
        807.9682445256,
        495.3344268742
      ],
      "time": -0.9851485148514851,
      "video_id": 0,
      "is_val": true
    },
    {
      "image_index": 12,
      "rgb_path": "/data2/zhouzhexian/dataset/nusc_kitti/mini_train/CAM_FRONT_LEFT/image_2/000004_c923fe08b2ff4e27975d2bf30934383b.png",
      "depth_path": "/data2/zhouzhexian/dataset/nusc_kitti/mini_train/CAM_FRONT_LEFT/depth/000004_c923fe08b2ff4e27975d2bf30934383b.parquet",
      "feature_path": "/data2/zhouzhexian/dataset/nusc_kitti/mini_train/CAM_FRONT_LEFT/dino/000004_c923fe08b2ff4e27975d2bf30934383b.parquet",
      "backward_flow_path": "/data2/zhouzhexian/dataset/nusc_kitti/mini_train/CAM_FRONT_LEFT/dino_correspondences/000003_e0845f5322254dafadbbed75aaa07969.parquet",
      "forward_flow_path": "/data2/zhouzhexian/dataset/nusc_kitti/mini_train/CAM_FRONT_LEFT/dino_correspondences/000005_f1e3d9d08f044c439ce86a2d6fcca57b.parquet",
      "backward_neighbor_index": 9,
      "forward_neighbor_index": 15,
      "c2w": [
        [
          -0.8039205372820566,
          0.02372041563663628,
          -0.5942635035219015,
          -0.774618332041679
        ],
        [
          -0.594346114878106,
          0.004165721903873678,
          0.8041985715544608,
          0.10914141108625391
        ],
        [
          0.021551460864956035,
          0.9997099522576814,
          0.01074922748579493,
          -0.016637478845062035
        ]
      ],
      "W": 1600,
      "H": 900,
      "intrinsics": [
        1272.59794706,
        1272.59794706,
        826.6154927354,
        479.7516538636
      ],
      "time": -0.9801980198019802,
      "video_id": 0,
      "is_val": true
    },
    {
      "image_index": 13,
      "rgb_path": "/data2/zhouzhexian/dataset/nusc_kitti/mini_train/CAM_FRONT/image_2/000004_c923fe08b2ff4e27975d2bf30934383b.png",
      "depth_path": "/data2/zhouzhexian/dataset/nusc_kitti/mini_train/CAM_FRONT/depth/000004_c923fe08b2ff4e27975d2bf30934383b.parquet",
      "feature_path": "/data2/zhouzhexian/dataset/nusc_kitti/mini_train/CAM_FRONT/dino/000004_c923fe08b2ff4e27975d2bf30934383b.parquet",
      "backward_flow_path": "/data2/zhouzhexian/dataset/nusc_kitti/mini_train/CAM_FRONT/dino_correspondences/000003_e0845f5322254dafadbbed75aaa07969.parquet",
      "forward_flow_path": "/data2/zhouzhexian/dataset/nusc_kitti/mini_train/CAM_FRONT/dino_correspondences/000005_f1e3d9d08f044c439ce86a2d6fcca57b.parquet",
      "backward_neighbor_index": 10,
      "forward_neighbor_index": 16,
      "c2w": [
        [
          -0.9487089579533446,
          0.025865220987481383,
          0.315090944716535,
          -0.7755574209441328
        ],
        [
          0.31514286484217563,
          -0.0021503965825458195,
          0.9490418065257454,
          0.10911537141495392
        ],
        [
          0.02522474654285557,
          0.9996631263269781,
          -0.006111139340762637,
          -0.01660913617519256
        ]
      ],
      "W": 1600,
      "H": 900,
      "intrinsics": [
        1266.417203047,
        1266.417203047,
        816.2670197448,
        491.5070657929
      ],
      "time": -0.9801980198019802,
      "video_id": 0,
      "is_val": true
    },
    {
      "image_index": 14,
      "rgb_path": "/data2/zhouzhexian/dataset/nusc_kitti/mini_train/CAM_FRONT_RIGHT/image_2/000004_c923fe08b2ff4e27975d2bf30934383b.png",
      "depth_path": "/data2/zhouzhexian/dataset/nusc_kitti/mini_train/CAM_FRONT_RIGHT/depth/000004_c923fe08b2ff4e27975d2bf30934383b.parquet",
      "feature_path": "/data2/zhouzhexian/dataset/nusc_kitti/mini_train/CAM_FRONT_RIGHT/dino/000004_c923fe08b2ff4e27975d2bf30934383b.parquet",
      "backward_flow_path": "/data2/zhouzhexian/dataset/nusc_kitti/mini_train/CAM_FRONT_RIGHT/dino_correspondences/000003_e0845f5322254dafadbbed75aaa07969.parquet",
      "forward_flow_path": "/data2/zhouzhexian/dataset/nusc_kitti/mini_train/CAM_FRONT_RIGHT/dino_correspondences/000005_f1e3d9d08f044c439ce86a2d6fcca57b.parquet",
      "backward_neighbor_index": 11,
      "forward_neighbor_index": 17,
      "c2w": [
        [
          -0.257370907607237,
          0.011362250672006656,
          0.9662458875344159,
          -0.776357993379927
        ],
        [
          0.9662971497349072,
          0.008697231921470244,
          0.2572822896568808,
          0.1096775303757369
        ],
        [
          -0.005480358708505724,
          0.9998976234677653,
          -0.013217724912235346,
          -0.016617575975908554
        ]
      ],
      "W": 1600,
      "H": 900,
      "intrinsics": [
        1260.8474446,
        1260.8474446,
        807.9682445256,
        495.3344268742
      ],
      "time": -0.9801980198019802,
      "video_id": 0,
      "is_val": true
    },
    {
      "image_index": 15,
      "rgb_path": "/data2/zhouzhexian/dataset/nusc_kitti/mini_train/CAM_FRONT_LEFT/image_2/000005_f1e3d9d08f044c439ce86a2d6fcca57b.png",
      "depth_path": "/data2/zhouzhexian/dataset/nusc_kitti/mini_train/CAM_FRONT_LEFT/depth/000005_f1e3d9d08f044c439ce86a2d6fcca57b.parquet",
      "feature_path": "/data2/zhouzhexian/dataset/nusc_kitti/mini_train/CAM_FRONT_LEFT/dino/000005_f1e3d9d08f044c439ce86a2d6fcca57b.parquet",
      "backward_flow_path": "/data2/zhouzhexian/dataset/nusc_kitti/mini_train/CAM_FRONT_LEFT/dino_correspondences/000004_c923fe08b2ff4e27975d2bf30934383b.parquet",
      "forward_flow_path": "/data2/zhouzhexian/dataset/nusc_kitti/mini_train/CAM_FRONT_LEFT/dino_correspondences/000006_4f545737bf3347fbbc9af60b0be9a963.parquet",
      "backward_neighbor_index": 12,
      "forward_neighbor_index": 18,
      "c2w": [
        [
          -0.8000814956895363,
          0.02424841391456092,
          -0.5994010466105262,
          -0.7766946261940478
        ],
        [
          -0.59955394874993,
          0.001183539579385877,
          0.8003334691066886,
          0.10306145012231036
        ],
        [
          0.020116232091165445,
          0.9997052633935186,
          0.013591304196510806,
          -0.016641845083239366
        ]
      ],
      "W": 1600,
      "H": 900,
      "intrinsics": [
        1272.59794706,
        1272.59794706,
        826.6154927354,
        479.7516538636
      ],
      "time": -0.9752475247524752,
      "video_id": 0,
      "is_val": true
    },
    {
      "image_index": 16,
      "rgb_path": "/data2/zhouzhexian/dataset/nusc_kitti/mini_train/CAM_FRONT/image_2/000005_f1e3d9d08f044c439ce86a2d6fcca57b.png",
      "depth_path": "/data2/zhouzhexian/dataset/nusc_kitti/mini_train/CAM_FRONT/depth/000005_f1e3d9d08f044c439ce86a2d6fcca57b.parquet",
      "feature_path": "/data2/zhouzhexian/dataset/nusc_kitti/mini_train/CAM_FRONT/dino/000005_f1e3d9d08f044c439ce86a2d6fcca57b.parquet",
      "backward_flow_path": "/data2/zhouzhexian/dataset/nusc_kitti/mini_train/CAM_FRONT/dino_correspondences/000004_c923fe08b2ff4e27975d2bf30934383b.parquet",
      "forward_flow_path": "/data2/zhouzhexian/dataset/nusc_kitti/mini_train/CAM_FRONT/dino_correspondences/000006_4f545737bf3347fbbc9af60b0be9a963.parquet",
      "backward_neighbor_index": 13,
      "forward_neighbor_index": 19,
      "c2w": [
        [
          -0.9506957257607147,
          0.02643364227431736,
          0.30899660123767353,
          -0.7776335129681269
        ],
        [
          0.30897183951829427,
          -0.005118516903884519,
          0.9510574131825242,
          0.10302930003481564
        ],
        [
          0.026721515769081352,
          0.9996374659549534,
          -0.0033010989359126327,
          -0.01661308164355595
        ]
      ],
      "W": 1600,
      "H": 900,
      "intrinsics": [
        1266.417203047,
        1266.417203047,
        816.2670197448,
        491.5070657929
      ],
      "time": -0.9752475247524752,
      "video_id": 0,
      "is_val": true
    },
    {
      "image_index": 17,
      "rgb_path": "/data2/zhouzhexian/dataset/nusc_kitti/mini_train/CAM_FRONT_RIGHT/image_2/000005_f1e3d9d08f044c439ce86a2d6fcca57b.png",
      "depth_path": "/data2/zhouzhexian/dataset/nusc_kitti/mini_train/CAM_FRONT_RIGHT/depth/000005_f1e3d9d08f044c439ce86a2d6fcca57b.parquet",
      "feature_path": "/data2/zhouzhexian/dataset/nusc_kitti/mini_train/CAM_FRONT_RIGHT/dino/000005_f1e3d9d08f044c439ce86a2d6fcca57b.parquet",
      "backward_flow_path": "/data2/zhouzhexian/dataset/nusc_kitti/mini_train/CAM_FRONT_RIGHT/dino_correspondences/000004_c923fe08b2ff4e27975d2bf30934383b.parquet",
      "forward_flow_path": "/data2/zhouzhexian/dataset/nusc_kitti/mini_train/CAM_FRONT_RIGHT/dino_correspondences/000006_4f545737bf3347fbbc9af60b0be9a963.parquet",
      "backward_neighbor_index": 14,
      "forward_neighbor_index": 20,
      "c2w": [
        [
          -0.2635636737204823,
          0.011861556982679808,
          0.9645690713271848,
          -0.7784376775858667
        ],
        [
          0.964639235629701,
          0.005635094902854326,
          0.2635135495362119,
          0.10358633719391584
        ],
        [
          -0.0023097572737562112,
          0.9999137708679176,
          -0.012927329575512382,
          -0.01661932850955335
        ]
      ],
      "W": 1600,
      "H": 900,
      "intrinsics": [
        1260.8474446,
        1260.8474446,
        807.9682445256,
        495.3344268742
      ],
      "time": -0.9752475247524752,
      "video_id": 0,
      "is_val": true
    },
    {
      "image_index": 18,
      "rgb_path": "/data2/zhouzhexian/dataset/nusc_kitti/mini_train/CAM_FRONT_LEFT/image_2/000006_4f545737bf3347fbbc9af60b0be9a963.png",
      "depth_path": "/data2/zhouzhexian/dataset/nusc_kitti/mini_train/CAM_FRONT_LEFT/depth/000006_4f545737bf3347fbbc9af60b0be9a963.parquet",
      "feature_path": "/data2/zhouzhexian/dataset/nusc_kitti/mini_train/CAM_FRONT_LEFT/dino/000006_4f545737bf3347fbbc9af60b0be9a963.parquet",
      "backward_flow_path": "/data2/zhouzhexian/dataset/nusc_kitti/mini_train/CAM_FRONT_LEFT/dino_correspondences/000005_f1e3d9d08f044c439ce86a2d6fcca57b.parquet",
      "forward_flow_path": "/data2/zhouzhexian/dataset/nusc_kitti/mini_train/CAM_FRONT_LEFT/dino_correspondences/000007_7626dde27d604ac28a0240bdd54eba7a.parquet",
      "backward_neighbor_index": 15,
      "forward_neighbor_index": 21,
      "c2w": [
        [
          -0.7953269855782742,
          0.029107089173292886,
          -0.6054814310701884,
          -0.7788293129149462
        ],
        [
          -0.605614094786822,
          0.005021503913575469,
          0.7957426422493016,
          0.09655811395186034
        ],
        [
          0.0262021794226597,
          0.9995636857440926,
          0.013633925890905578,
          -0.01663963837532967
        ]
      ],
      "W": 1600,
      "H": 900,
      "intrinsics": [
        1272.59794706,
        1272.59794706,
        826.6154927354,
        479.7516538636
      ],
      "time": -0.9702970297029703,
      "video_id": 0,
      "is_val": true
    },
    {
      "image_index": 19,
      "rgb_path": "/data2/zhouzhexian/dataset/nusc_kitti/mini_train/CAM_FRONT/image_2/000006_4f545737bf3347fbbc9af60b0be9a963.png",
      "depth_path": "/data2/zhouzhexian/dataset/nusc_kitti/mini_train/CAM_FRONT/depth/000006_4f545737bf3347fbbc9af60b0be9a963.parquet",
      "feature_path": "/data2/zhouzhexian/dataset/nusc_kitti/mini_train/CAM_FRONT/dino/000006_4f545737bf3347fbbc9af60b0be9a963.parquet",
      "backward_flow_path": "/data2/zhouzhexian/dataset/nusc_kitti/mini_train/CAM_FRONT/dino_correspondences/000005_f1e3d9d08f044c439ce86a2d6fcca57b.parquet",
      "forward_flow_path": "/data2/zhouzhexian/dataset/nusc_kitti/mini_train/CAM_FRONT/dino_correspondences/000007_7626dde27d604ac28a0240bdd54eba7a.parquet",
      "backward_neighbor_index": 16,
      "forward_neighbor_index": 22,
      "c2w": [
        [
          -0.9529085788726525,
          0.031340492685060894,
          0.3016339069620165,
          -0.7797677726394269
        ],
        [
          0.30174413254297516,
          -0.0012637597713493903,
          0.9533881063801747,
          0.09651884683778714
        ],
        [
          0.030260845771324336,
          0.9995079671666051,
          -0.008252562250975475,
          -0.01660616036151498
        ]
      ],
      "W": 1600,
      "H": 900,
      "intrinsics": [
        1266.417203047,
        1266.417203047,
        816.2670197448,
        491.5070657929
      ],
      "time": -0.9702970297029703,
      "video_id": 0,
      "is_val": true
    },
    {
      "image_index": 20,
      "rgb_path": "/data2/zhouzhexian/dataset/nusc_kitti/mini_train/CAM_FRONT_RIGHT/image_2/000006_4f545737bf3347fbbc9af60b0be9a963.png",
      "depth_path": "/data2/zhouzhexian/dataset/nusc_kitti/mini_train/CAM_FRONT_RIGHT/depth/000006_4f545737bf3347fbbc9af60b0be9a963.parquet",
      "feature_path": "/data2/zhouzhexian/dataset/nusc_kitti/mini_train/CAM_FRONT_RIGHT/dino/000006_4f545737bf3347fbbc9af60b0be9a963.parquet",
      "backward_flow_path": "/data2/zhouzhexian/dataset/nusc_kitti/mini_train/CAM_FRONT_RIGHT/dino_correspondences/000005_f1e3d9d08f044c439ce86a2d6fcca57b.parquet",
      "forward_flow_path": "/data2/zhouzhexian/dataset/nusc_kitti/mini_train/CAM_FRONT_RIGHT/dino_correspondences/000007_7626dde27d604ac28a0240bdd54eba7a.parquet",
      "backward_neighbor_index": 17,
      "forward_neighbor_index": 23,
      "c2w": [
        [
          -0.27100245797291356,
          0.016687436212882545,
          0.9624339963059053,
          -0.7805762296427258
        ],
        [
          0.9625681095509447,
          0.009378362065388085,
          0.27087761221718326,
          0.09706965420127756
        ],
        [
          -0.004505801606024651,
          0.9998167711123503,
          -0.01860435310016939,
          -0.016610481764046843
        ]
      ],
      "W": 1600,
      "H": 900,
      "intrinsics": [
        1260.8474446,
        1260.8474446,
        807.9682445256,
        495.3344268742
      ],
      "time": -0.9702970297029703,
      "video_id": 0,
      "is_val": true
    },
    {
      "image_index": 21,
      "rgb_path": "/data2/zhouzhexian/dataset/nusc_kitti/mini_train/CAM_FRONT_LEFT/image_2/000007_7626dde27d604ac28a0240bdd54eba7a.png",
      "depth_path": "/data2/zhouzhexian/dataset/nusc_kitti/mini_train/CAM_FRONT_LEFT/depth/000007_7626dde27d604ac28a0240bdd54eba7a.parquet",
      "feature_path": "/data2/zhouzhexian/dataset/nusc_kitti/mini_train/CAM_FRONT_LEFT/dino/000007_7626dde27d604ac28a0240bdd54eba7a.parquet",
      "backward_flow_path": "/data2/zhouzhexian/dataset/nusc_kitti/mini_train/CAM_FRONT_LEFT/dino_correspondences/000006_4f545737bf3347fbbc9af60b0be9a963.parquet",
      "forward_flow_path": "/data2/zhouzhexian/dataset/nusc_kitti/mini_train/CAM_FRONT_LEFT/dino_correspondences/000008_be99ffc878b24aca8956bbb4e0f97d0c.parquet",
      "backward_neighbor_index": 18,
      "forward_neighbor_index": 24,
      "c2w": [
        [
          -0.7924594145997618,
          0.03098516451452235,
          -0.6091370911315285,
          -0.781094822003238
        ],
        [
          -0.6094371424740308,
          -0.0003034578023851896,
          0.7928343315512808,
          0.08957495034647642
        ],
        [
          0.024381254792853094,
          0.9995197984499261,
          0.01912398811324784,
          -0.016647710851944084
        ]
      ],
      "W": 1600,
      "H": 900,
      "intrinsics": [
        1272.59794706,
        1272.59794706,
        826.6154927354,
        479.7516538636
      ],
      "time": -0.9653465346534653,
      "video_id": 0,
      "is_val": true
    },
    {
      "image_index": 22,
      "rgb_path": "/data2/zhouzhexian/dataset/nusc_kitti/mini_train/CAM_FRONT/image_2/000007_7626dde27d604ac28a0240bdd54eba7a.png",
      "depth_path": "/data2/zhouzhexian/dataset/nusc_kitti/mini_train/CAM_FRONT/depth/000007_7626dde27d604ac28a0240bdd54eba7a.parquet",
      "feature_path": "/data2/zhouzhexian/dataset/nusc_kitti/mini_train/CAM_FRONT/dino/000007_7626dde27d604ac28a0240bdd54eba7a.parquet",
      "backward_flow_path": "/data2/zhouzhexian/dataset/nusc_kitti/mini_train/CAM_FRONT/dino_correspondences/000006_4f545737bf3347fbbc9af60b0be9a963.parquet",
      "forward_flow_path": "/data2/zhouzhexian/dataset/nusc_kitti/mini_train/CAM_FRONT/dino_correspondences/000008_be99ffc878b24aca8956bbb4e0f97d0c.parquet",
      "backward_neighbor_index": 19,
      "forward_neighbor_index": 25,
      "c2w": [
        [
          -0.9542379790655595,
          0.03324757355784791,
          0.29719434409389894,
          -0.7820330242006209
        ],
        [
          0.297143378225134,
          -0.0065778779786916375,
          0.9548102137588915,
          0.0895311408100941
        ],
        [
          0.03370003094713894,
          0.9994255001618851,
          -0.0036024353358462408,
          -0.016612686582120256
        ]
      ],
      "W": 1600,
      "H": 900,
      "intrinsics": [
        1266.417203047,
        1266.417203047,
        816.2670197448,
        491.5070657929
      ],
      "time": -0.9653465346534653,
      "video_id": 0,
      "is_val": true
    },
    {
      "image_index": 23,
      "rgb_path": "/data2/zhouzhexian/dataset/nusc_kitti/mini_train/CAM_FRONT_RIGHT/image_2/000007_7626dde27d604ac28a0240bdd54eba7a.png",
      "depth_path": "/data2/zhouzhexian/dataset/nusc_kitti/mini_train/CAM_FRONT_RIGHT/depth/000007_7626dde27d604ac28a0240bdd54eba7a.parquet",
      "feature_path": "/data2/zhouzhexian/dataset/nusc_kitti/mini_train/CAM_FRONT_RIGHT/dino/000007_7626dde27d604ac28a0240bdd54eba7a.parquet",
      "backward_flow_path": "/data2/zhouzhexian/dataset/nusc_kitti/mini_train/CAM_FRONT_RIGHT/dino_correspondences/000006_4f545737bf3347fbbc9af60b0be9a963.parquet",
      "forward_flow_path": "/data2/zhouzhexian/dataset/nusc_kitti/mini_train/CAM_FRONT_RIGHT/dino_correspondences/000008_be99ffc878b24aca8956bbb4e0f97d0c.parquet",
      "backward_neighbor_index": 20,
      "forward_neighbor_index": 26,
      "c2w": [
        [
          -0.2754702619499006,
          0.0185459498576567,
          0.9611306792133963,
          -0.7828440329132822
        ],
        [
          0.9613087554640342,
          0.00399419784115751,
          0.27544422856866674,
          0.09007820111418673
        ],
        [
          0.0012694287676291265,
          0.9998200308692546,
          -0.01892866670214843,
          -0.01661247669903063
        ]
      ],
      "W": 1600,
      "H": 900,
      "intrinsics": [
        1260.8474446,
        1260.8474446,
        807.9682445256,
        495.3344268742
      ],
      "time": -0.9653465346534653,
      "video_id": 0,
      "is_val": true
    },
    {
      "image_index": 24,
      "rgb_path": "/data2/zhouzhexian/dataset/nusc_kitti/mini_train/CAM_FRONT_LEFT/image_2/000008_be99ffc878b24aca8956bbb4e0f97d0c.png",
      "depth_path": "/data2/zhouzhexian/dataset/nusc_kitti/mini_train/CAM_FRONT_LEFT/depth/000008_be99ffc878b24aca8956bbb4e0f97d0c.parquet",
      "feature_path": "/data2/zhouzhexian/dataset/nusc_kitti/mini_train/CAM_FRONT_LEFT/dino/000008_be99ffc878b24aca8956bbb4e0f97d0c.parquet",
      "backward_flow_path": "/data2/zhouzhexian/dataset/nusc_kitti/mini_train/CAM_FRONT_LEFT/dino_correspondences/000007_7626dde27d604ac28a0240bdd54eba7a.parquet",
      "forward_flow_path": "/data2/zhouzhexian/dataset/nusc_kitti/mini_train/CAM_FRONT_LEFT/dino_correspondences/000009_9813c23a5f1448b09bb7910fea9baf20.parquet",
      "backward_neighbor_index": 21,
      "forward_neighbor_index": 27,
      "c2w": [
        [
          -0.7865916488076262,
          0.027771645935205744,
          -0.6168486959604585,
          -0.7829968317833969
        ],
        [
          -0.6169420474864672,
          0.006092818953269092,
          0.7869849983324492,
          0.08346380835548423
        ],
        [
          0.025614216156055778,
          0.9995957249004537,
          0.012340935598992797,
          -0.016638114343378557
        ]
      ],
      "W": 1600,
      "H": 900,
      "intrinsics": [
        1272.59794706,
        1272.59794706,
        826.6154927354,
        479.7516538636
      ],
      "time": -0.9603960396039604,
      "video_id": 0,
      "is_val": true
    },
    {
      "image_index": 25,
      "rgb_path": "/data2/zhouzhexian/dataset/nusc_kitti/mini_train/CAM_FRONT/image_2/000008_be99ffc878b24aca8956bbb4e0f97d0c.png",
      "depth_path": "/data2/zhouzhexian/dataset/nusc_kitti/mini_train/CAM_FRONT/depth/000008_be99ffc878b24aca8956bbb4e0f97d0c.parquet",
      "feature_path": "/data2/zhouzhexian/dataset/nusc_kitti/mini_train/CAM_FRONT/dino/000008_be99ffc878b24aca8956bbb4e0f97d0c.parquet",
      "backward_flow_path": "/data2/zhouzhexian/dataset/nusc_kitti/mini_train/CAM_FRONT/dino_correspondences/000007_7626dde27d604ac28a0240bdd54eba7a.parquet",
      "forward_flow_path": "/data2/zhouzhexian/dataset/nusc_kitti/mini_train/CAM_FRONT/dino_correspondences/000009_9813c23a5f1448b09bb7910fea9baf20.parquet",
      "backward_neighbor_index": 22,
      "forward_neighbor_index": 28,
      "c2w": [
        [
          -0.9571756903925082,
          0.030095033763372223,
          0.2879392065426614,
          -0.7839346732655128
        ],
        [
          0.28806507898010963,
          -0.00015979914760871905,
          0.9576108211254003,
          0.08341110668926792
        ],
        [
          0.028865342433707086,
          0.9995470291122052,
          -0.008516372418523668,
          -0.016605784373854442
        ]
      ],
      "W": 1600,
      "H": 900,
      "intrinsics": [
        1266.417203047,
        1266.417203047,
        816.2670197448,
        491.5070657929
      ],
      "time": -0.9603960396039604,
      "video_id": 0,
