{
  "origin": [
    1120.9104242402589,
    1676.2515426621153,
    4.981000998113661
  ],
  "scene_bounds": [
    [
      -0.6403385593868195,
      -0.7679961120015926,
      -0.012186111473711717
    ],
    [
      0.6403385593868193,
      0.7679961120015928,
      0.012186111473711717
    ]
  ],
  "pose_scale_factor": 1420.0713257686432,
  "frames": [
    {
      "image_index": 0,
      "rgb_path": "/data2/zhouzhexian/dataset/nusc_kitti/mini_train/CAM_FRONT_LEFT/image_2/000000_ca9a282c9e77460f8360f564131a8af5.png",
      "depth_path": "/data2/zhouzhexian/dataset/nusc_kitti/mini_train/CAM_FRONT_LEFT/depth/000000_ca9a282c9e77460f8360f564131a8af5.parquet",
      "feature_path": "/data2/zhouzhexian/dataset/nusc_kitti/mini_train/CAM_FRONT_LEFT/dino/000000_ca9a282c9e77460f8360f564131a8af5.parquet",
      "backward_flow_path": null,
      "forward_flow_path": "/data2/zhouzhexian/dataset/nusc_kitti/mini_train/CAM_FRONT_LEFT/dino_correspondences/000001_39586f9d59004284a7114a68825e8eec.parquet",
      "backward_neighbor_index": null,
      "forward_neighbor_index": 5,
      "c2w": [
        [
          -0.8203431339483922,
          0.02704880986903977,
          -0.5712315681651126,
          -0.49952005734451255
        ],
        [
          -0.5713450076193204,
          0.004091584492233034,
          0.8206997875013353,
          -0.3493332020507261
        ],
        [
          0.024536194737464535,
          0.9996257403753791,
          0.012097699235543,
          -0.0037443996598883205
        ]
      ],
      "W": 1600,
      "H": 900,
      "intrinsics": [
        1272.59794706,
        1272.59794706,
        826.6154927354,
        479.7516538636
      ],
      "time": -1.0,
      "video_id": 0,
      "is_val": true
    },
    {
      "image_index": 1,
      "rgb_path": "/data2/zhouzhexian/dataset/nusc_kitti/mini_train/CAM_FRONT/image_2/000000_ca9a282c9e77460f8360f564131a8af5.png",
      "depth_path": "/data2/zhouzhexian/dataset/nusc_kitti/mini_train/CAM_FRONT/depth/000000_ca9a282c9e77460f8360f564131a8af5.parquet",
      "feature_path": "/data2/zhouzhexian/dataset/nusc_kitti/mini_train/CAM_FRONT/dino/000000_ca9a282c9e77460f8360f564131a8af5.parquet",
      "backward_flow_path": null,
      "forward_flow_path": "/data2/zhouzhexian/dataset/nusc_kitti/mini_train/CAM_FRONT/dino_correspondences/000001_39586f9d59004284a7114a68825e8eec.parquet",
      "backward_neighbor_index": null,
      "forward_neighbor_index": 6,
      "c2w": [
        [
          -0.9393253458525485,
          0.029013868328012032,
          0.34179831784789344,
          -0.4998792292691578
        ],
        [
          0.34187911614881594,
          -0.002282726955322001,
          0.9397411660127486,
          -0.34933298681474956
        ],
        [
          0.0280457586865404,
          0.9995764025837724,
          -0.007775012373249374,
          -0.003732405680668338
        ]
      ],
      "W": 1600,
      "H": 900,
      "intrinsics": [
        1266.417203047,
        1266.417203047,
        816.2670197448,
        491.5070657929
      ],
      "time": -1.0,
      "video_id": 0,
      "is_val": true
    },
    {
      "image_index": 2,
      "rgb_path": "/data2/zhouzhexian/dataset/nusc_kitti/mini_train/CAM_FRONT_RIGHT/image_2/000000_ca9a282c9e77460f8360f564131a8af5.png",
      "depth_path": "/data2/zhouzhexian/dataset/nusc_kitti/mini_train/CAM_FRONT_RIGHT/depth/000000_ca9a282c9e77460f8360f564131a8af5.parquet",
      "feature_path": "/data2/zhouzhexian/dataset/nusc_kitti/mini_train/CAM_FRONT_RIGHT/dino/000000_ca9a282c9e77460f8360f564131a8af5.parquet",
      "backward_flow_path": null,
      "forward_flow_path": "/data2/zhouzhexian/dataset/nusc_kitti/mini_train/CAM_FRONT_RIGHT/dino_correspondences/000001_39586f9d59004284a7114a68825e8eec.parquet",
      "backward_neighbor_index": null,
      "forward_neighbor_index": 7,
      "c2w": [
        [
          -0.22994102650311712,
          0.014824489516170441,
          0.9730916497644826,
          -0.5001791406477334
        ],
        [
          0.9731900091171497,
          0.008971113632873985,
          0.2298275990274778,
          -0.34910946484465494
        ],
        [
          -0.005322638932930043,
          0.9998498655451666,
          -0.016489872165020875,
          -0.003734800587782979
        ]
      ],
      "W": 1600,
      "H": 900,
      "intrinsics": [
        1260.8474446,
        1260.8474446,
        807.9682445256,
        495.3344268742
      ],
      "time": -1.0,
      "video_id": 0,
      "is_val": true
    },
    {
      "image_index": 3,
      "rgb_path": "/data2/zhouzhexian/dataset/nusc_kitti/mini_train/CAM_BACK_RIGHT/image_2/000000_ca9a282c9e77460f8360f564131a8af5.png",
      "depth_path": "/data2/zhouzhexian/dataset/nusc_kitti/mini_train/CAM_BACK_RIGHT/depth/000000_ca9a282c9e77460f8360f564131a8af5.parquet",
      "feature_path": "/data2/zhouzhexian/dataset/nusc_kitti/mini_train/CAM_BACK_RIGHT/dino/000000_ca9a282c9e77460f8360f564131a8af5.parquet",
      "backward_flow_path": null,
      "forward_flow_path": "/data2/zhouzhexian/dataset/nusc_kitti/mini_train/CAM_BACK_RIGHT/dino_correspondences/000001_39586f9d59004284a7114a68825e8eec.parquet",
      "backward_neighbor_index": null,
      "forward_neighbor_index": 8,
      "c2w": [
        [
          0.6568513021637695,
          0.02502933583123925,
          0.7536046040157303,
          -0.5000382979368838
        ],
        [
          0.7532920033604218,
          0.02212934916644009,
          -0.6573138136222559,
          -0.3487585075804881
        ],
        [
          -0.033128907603359174,
          0.9994417563086282,
          -0.004318706715086731,
          -0.0036932563902269656
        ]
      ],
      "W": 1600,
      "H": 900,
      "intrinsics": [
        1259.513740585,
        1259.513740585,
        807.2529053839,
        501.1957988492
      ],
      "time": -1.0,
      "video_id": 0,
      "is_val": true
    },
    {
      "image_index": 4,
      "rgb_path": "/data2/zhouzhexian/dataset/nusc_kitti/mini_train/CAM_BACK_LEFT/image_2/000000_ca9a282c9e77460f8360f564131a8af5.png",
      "depth_path": "/data2/zhouzhexian/dataset/nusc_kitti/mini_train/CAM_BACK_LEFT/depth/000000_ca9a282c9e77460f8360f564131a8af5.parquet",
      "feature_path": "/data2/zhouzhexian/dataset/nusc_kitti/mini_train/CAM_BACK_LEFT/dino/000000_ca9a282c9e77460f8360f564131a8af5.parquet",
      "backward_flow_path": null,
      "forward_flow_path": "/data2/zhouzhexian/dataset/nusc_kitti/mini_train/CAM_BACK_LEFT/dino_correspondences/000001_39586f9d59004284a7114a68825e8eec.parquet",
      "backward_neighbor_index": null,
      "forward_neighbor_index": 9,
      "c2w": [
        [
          -0.029733223763176924,
          0.04628926174822892,
          -0.9984854729295914,
          -0.49940553699573864
        ],
        [
          -0.999526260654619,
          0.006567282492777646,
          0.03006867244191363,
          -0.34900822090585554
        ],
        [
          0.007949192814751913,
          0.9989064896412645,
          0.04607206622379294,
          -0.0036914111074027134
        ]
      ],
      "W": 1600,
      "H": 900,
      "intrinsics": [
        1256.74148121,
        1256.74148121,
        792.112574076,
        492.7757465151
      ],
      "time": -1.0,
      "video_id": 0,
      "is_val": true
    },
    {
      "image_index": 5,
      "rgb_path": "/data2/zhouzhexian/dataset/nusc_kitti/mini_train/CAM_FRONT_LEFT/image_2/000001_39586f9d59004284a7114a68825e8eec.png",
      "depth_path": "/data2/zhouzhexian/dataset/nusc_kitti/mini_train/CAM_FRONT_LEFT/depth/000001_39586f9d59004284a7114a68825e8eec.parquet",
      "feature_path": "/data2/zhouzhexian/dataset/nusc_kitti/mini_train/CAM_FRONT_LEFT/dino/000001_39586f9d59004284a7114a68825e8eec.parquet",
      "backward_flow_path": "/data2/zhouzhexian/dataset/nusc_kitti/mini_train/CAM_FRONT_LEFT/dino_correspondences/000000_ca9a282c9e77460f8360f564131a8af5.parquet",
      "forward_flow_path": "/data2/zhouzhexian/dataset/nusc_kitti/mini_train/CAM_FRONT_LEFT/dino_correspondences/000002_356d81f38dd9473ba590f39e266f54e5.parquet",
      "backward_neighbor_index": 0,
      "forward_neighbor_index": 10,
      "c2w": [
        [
          -0.8169431970918288,
          0.028803857076230246,
          -0.5759983945662405,
          -0.5006166179128833
        ],
        [
          -0.5762301491648152,
          0.00031032928411451124,
          0.8172874151050806,
          -0.3522982538165972
        ],
        [
          0.023719779064326554,
          0.9995850346585223,
          0.01634412946203826,
          -0.0037467044805070022
        ]
      ],
      "W": 1600,
      "H": 900,
      "intrinsics": [
        1272.59794706,
        1272.59794706,
        826.6154927354,
        479.7516538636
      ],
      "time": -0.995049504950495,
      "video_id": 0,
      "is_val": true
    },
    {
      "image_index": 6,
      "rgb_path": "/data2/zhouzhexian/dataset/nusc_kitti/mini_train/CAM_FRONT/image_2/000001_39586f9d59004284a7114a68825e8eec.png",
      "depth_path": "/data2/zhouzhexian/dataset/nusc_kitti/mini_train/CAM_FRONT/depth/000001_39586f9d59004284a7114a68825e8eec.parquet",
      "feature_path": "/data2/zhouzhexian/dataset/nusc_kitti/mini_train/CAM_FRONT/dino/000001_39586f9d59004284a7114a68825e8eec.parquet",
      "backward_flow_path": "/data2/zhouzhexian/dataset/nusc_kitti/mini_train/CAM_FRONT/dino_correspondences/000000_ca9a282c9e77460f8360f564131a8af5.parquet",
      "forward_flow_path": "/data2/zhouzhexian/dataset/nusc_kitti/mini_train/CAM_FRONT/dino_correspondences/000002_356d81f38dd9473ba590f39e266f54e5.parquet",
      "backward_neighbor_index": 1,
      "forward_neighbor_index": 11,
      "c2w": [
        [
          -0.9412570071555584,
          0.030806064716046525,
          0.33628296545808634,
          -0.5009757630353439
        ],
        [
          0.33626082345083563,
          -0.0060521246087267035,
          0.9417494520305991,
          -0.35230018861486256
        ],
        [
          0.031046820976299298,
          0.9995070575861149,
          -0.004662267992560181,
          -0.0037340786781210854
        ]
      ],
      "W": 1600,
      "H": 900,
      "intrinsics": [
        1266.417203047,
        1266.417203047,
        816.2670197448,
        491.5070657929
      ],
      "time": -0.995049504950495,
      "video_id": 0,
      "is_val": true
    },
    {
      "image_index": 7,
      "rgb_path": "/data2/zhouzhexian/dataset/nusc_kitti/mini_train/CAM_FRONT_RIGHT/image_2/000001_39586f9d59004284a7114a68825e8eec.png",
      "depth_path": "/data2/zhouzhexian/dataset/nusc_kitti/mini_train/CAM_FRONT_RIGHT/depth/000001_39586f9d59004284a7114a68825e8eec.parquet",
      "feature_path": "/data2/zhouzhexian/dataset/nusc_kitti/mini_train/CAM_FRONT_RIGHT/dino/000001_39586f9d59004284a7114a68825e8eec.parquet",
      "backward_flow_path": "/data2/zhouzhexian/dataset/nusc_kitti/mini_train/CAM_FRONT_RIGHT/dino_correspondences/000000_ca9a282c9e77460f8360f564131a8af5.parquet",
      "forward_flow_path": "/data2/zhouzhexian/dataset/nusc_kitti/mini_train/CAM_FRONT_RIGHT/dino_correspondences/000002_356d81f38dd9473ba590f39e266f54e5.parquet",
      "backward_neighbor_index": 2,
      "forward_neighbor_index": 12,
      "c2w": [
        [
          -0.23563692429559652,
          0.01655163106831561,
          0.9717002024377539,
          -0.5012769801168555
        ],
        [
          0.971840567279076,
          0.005117286733096818,
          0.23558379648685807,
          -0.3520784185947115
        ],
        [
          -0.0010731724693603117,
          0.9998499171802661,
          -0.017291368233354032,
          -0.00373506339233791
        ]
      ],
      "W": 1600,
      "H": 900,
      "intrinsics": [
        1260.8474446,
        1260.8474446,
        807.9682445256,
        495.3344268742
      ],
      "time": -0.995049504950495,
      "video_id": 0,
      "is_val": true
    },
    {
      "image_index": 8,
      "rgb_path": "/data2/zhouzhexian/dataset/nusc_kitti/mini_train/CAM_BACK_RIGHT/image_2/000001_39586f9d59004284a7114a68825e8eec.png",
      "depth_path": "/data2/zhouzhexian/dataset/nusc_kitti/mini_train/CAM_BACK_RIGHT/depth/000001_39586f9d59004284a7114a68825e8eec.parquet",
      "feature_path": "/data2/zhouzhexian/dataset/nusc_kitti/mini_train/CAM_BACK_RIGHT/dino/000001_39586f9d59004284a7114a68825e8eec.parquet",
      "backward_flow_path": "/data2/zhouzhexian/dataset/nusc_kitti/mini_train/CAM_BACK_RIGHT/dino_correspondences/000000_ca9a282c9e77460f8360f564131a8af5.parquet",
      "forward_flow_path": "/data2/zhouzhexian/dataset/nusc_kitti/mini_train/CAM_BACK_RIGHT/dino_correspondences/000002_356d81f38dd9473ba590f39e266f54e5.parquet",
      "backward_neighbor_index": 3,
      "forward_neighbor_index": 13,
      "c2w": [
        [
          0.6523751901258844,
          0.026678617607996807,
          0.7574264734420361,
          -0.5011381183013482
        ],
        [
          0.7572493197452185,
          0.018336546887623536,
          -0.6528684697498891,
          -0.35172680923637367
        ],
        [
          -0.03130621429696713,
          0.9994758738512507,
          -0.008240056773337435,
          -0.003692380302655759
        ]
      ],
      "W": 1600,
      "H": 900,
      "intrinsics": [
        1259.513740585,
        1259.513740585,
        807.2529053839,
        501.1957988492
      ],
      "time": -0.995049504950495,
      "video_id": 0,
      "is_val": true
    },
    {
      "image_index": 9,
      "rgb_path": "/data2/zhouzhexian/dataset/nusc_kitti/mini_train/CAM_BACK_LEFT/image_2/000001_39586f9d59004284a7114a68825e8eec.png",
      "depth_path": "/data2/zhouzhexian/dataset/nusc_kitti/mini_train/CAM_BACK_LEFT/depth/000001_39586f9d59004284a7114a68825e8eec.parquet",
      "feature_path": "/data2/zhouzhexian/dataset/nusc_kitti/mini_train/CAM_BACK_LEFT/dino/000001_39586f9d59004284a7114a68825e8eec.parquet",
      "backward_flow_path": "/data2/zhouzhexian/dataset/nusc_kitti/mini_train/CAM_BACK_LEFT/dino_correspondences/000000_ca9a282c9e77460f8360f564131a8af5.parquet",
      "forward_flow_path": "/data2/zhouzhexian/dataset/nusc_kitti/mini_train/CAM_BACK_LEFT/dino_correspondences/000002_356d81f38dd9473ba590f39e266f54e5.parquet",
      "backward_neighbor_index": 4,
      "forward_neighbor_index": 14,
      "c2w": [
        [
          -0.02387379834718425,
          0.04802819253276635,
          -0.998560631346184,
          -0.5005039057000326
        ],
        [
          -0.999706768935369,
          0.0029014428109396563,
          0.024040752367227396,
          -0.35197281913613476
        ],
        [
          0.004051900448435522,
          0.9988417664233001,
          0.047944840714150144,
          -0.003692633533356477
        ]
      ],
      "W": 1600,
      "H": 900,
      "intrinsics": [
        1256.74148121,
        1256.74148121,
        792.112574076,
        492.7757465151
      ],
      "time": -0.995049504950495,
      "video_id": 0,
      "is_val": true
    },
    {
      "image_index": 10,
      "rgb_path": "/data2/zhouzhexian/dataset/nusc_kitti/mini_train/CAM_FRONT_LEFT/image_2/000002_356d81f38dd9473ba590f39e266f54e5.png",
      "depth_path": "/data2/zhouzhexian/dataset/nusc_kitti/mini_train/CAM_FRONT_LEFT/depth/000002_356d81f38dd9473ba590f39e266f54e5.parquet",
      "feature_path": "/data2/zhouzhexian/dataset/nusc_kitti/mini_train/CAM_FRONT_LEFT/dino/000002_356d81f38dd9473ba590f39e266f54e5.parquet",
      "backward_flow_path": "/data2/zhouzhexian/dataset/nusc_kitti/mini_train/CAM_FRONT_LEFT/dino_correspondences/000001_39586f9d59004284a7114a68825e8eec.parquet",
      "forward_flow_path": "/data2/zhouzhexian/dataset/nusc_kitti/mini_train/CAM_FRONT_LEFT/dino_correspondences/000003_e0845f5322254dafadbbed75aaa07969.parquet",
      "backward_neighbor_index": 5,
      "forward_neighbor_index": 15,
      "c2w": [
        [
          -0.8133291276434933,
          0.028946879521790356,
          -0.5810833058113065,
          -0.5017692872437207
        ],
        [
          -0.5811778178162005,
          0.0058979079980921965,
          0.8137552204192353,
          -0.3554851443627018
        ],
        [
          0.02698285020260728,
          0.9995635511798173,
          0.012026343906048748,
          -0.00374401332068094
        ]
      ],
      "W": 1600,
      "H": 900,
      "intrinsics": [
        1272.59794706,
        1272.59794706,
        826.6154927354,
        479.7516538636
      ],
      "time": -0.9900990099009901,
      "video_id": 0,
      "is_val": true
    },
    {
      "image_index": 11,
      "rgb_path": "/data2/zhouzhexian/dataset/nusc_kitti/mini_train/CAM_FRONT/image_2/000002_356d81f38dd9473ba590f39e266f54e5.png",
      "depth_path": "/data2/zhouzhexian/dataset/nusc_kitti/mini_train/CAM_FRONT/depth/000002_356d81f38dd9473ba590f39e266f54e5.parquet",
      "feature_path": "/data2/zhouzhexian/dataset/nusc_kitti/mini_train/CAM_FRONT/dino/000002_356d81f38dd9473ba590f39e266f54e5.parquet",
      "backward_flow_path": "/data2/zhouzhexian/dataset/nusc_kitti/mini_train/CAM_FRONT/dino_correspondences/000001_39586f9d59004284a7114a68825e8eec.parquet",
      "forward_flow_path": "/data2/zhouzhexian/dataset/nusc_kitti/mini_train/CAM_FRONT/dino_correspondences/000003_e0845f5322254dafadbbed75aaa07969.parquet",
      "backward_neighbor_index": 6,
      "forward_neighbor_index": 16,
      "c2w": [
        [
          -0.9433318663327934,
          0.030988727885957232,
          0.3304008000975637,
          -0.5021284114659754
        ],
        [
          0.33054628922665436,
          -0.00045226221494102346,
          0.9437896726164278,
          -0.35548925093575173
        ],
        [
          0.029396269143956454,
          0.9995196317246199,
          -0.009816575651270901,
          -0.0037313128338694805
        ]
      ],
      "W": 1600,
      "H": 900,
      "intrinsics": [
        1266.417203047,
        1266.417203047,
        816.2670197448,
        491.5070657929
      ],
      "time": -0.9900990099009901,
      "video_id": 0,
      "is_val": true
    },
    {
      "image_index": 12,
      "rgb_path": "/data2/zhouzhexian/dataset/nusc_kitti/mini_train/CAM_FRONT_RIGHT/image_2/000002_356d81f38dd9473ba590f39e266f54e5.png",
      "depth_path": "/data2/zhouzhexian/dataset/nusc_kitti/mini_train/CAM_FRONT_RIGHT/depth/000002_356d81f38dd9473ba590f39e266f54e5.parquet",
      "feature_path": "/data2/zhouzhexian/dataset/nusc_kitti/mini_train/CAM_FRONT_RIGHT/dino/000002_356d81f38dd9473ba590f39e266f54e5.parquet",
      "backward_flow_path": "/data2/zhouzhexian/dataset/nusc_kitti/mini_train/CAM_FRONT_RIGHT/dino_correspondences/000001_39586f9d59004284a7114a68825e8eec.parquet",
      "forward_flow_path": "/data2/zhouzhexian/dataset/nusc_kitti/mini_train/CAM_FRONT_RIGHT/dino_correspondences/000003_e0845f5322254dafadbbed75aaa07969.parquet",
      "backward_neighbor_index": 7,
      "forward_neighbor_index": 17,
      "c2w": [
        [
          -0.2416951505373059,
          0.016664943251076682,
          0.9702091186302401,
          -0.5024310062999454
        ],
        [
          0.9703318599958077,
          0.010629712040755412,
          0.24154314459117385,
          -0.35526937262830643
        ],
        [
          -0.006287740753057644,
          0.9998046253585161,
          -0.01873967523340348,
          -0.0037334431070776934
        ]
      ],
      "W": 1600,
      "H": 900,
      "intrinsics": [
        1260.8474446,
        1260.8474446,
        807.9682445256,
        495.3344268742
      ],
      "time": -0.9900990099009901,
      "video_id": 0,
      "is_val": true
    },
    {
      "image_index": 13,
      "rgb_path": "/data2/zhouzhexian/dataset/nusc_kitti/mini_train/CAM_BACK_RIGHT/image_2/000002_356d81f38dd9473ba590f39e266f54e5.png",
      "depth_path": "/data2/zhouzhexian/dataset/nusc_kitti/mini_train/CAM_BACK_RIGHT/depth/000002_356d81f38dd9473ba590f39e266f54e5.parquet",
      "feature_path": "/data2/zhouzhexian/dataset/nusc_kitti/mini_train/CAM_BACK_RIGHT/dino/000002_356d81f38dd9473ba590f39e266f54e5.parquet",
      "backward_flow_path": "/data2/zhouzhexian/dataset/nusc_kitti/mini_train/CAM_BACK_RIGHT/dino_correspondences/000001_39586f9d59004284a7114a68825e8eec.parquet",
      "forward_flow_path": "/data2/zhouzhexian/dataset/nusc_kitti/mini_train/CAM_BACK_RIGHT/dino_correspondences/000003_e0845f5322254dafadbbed75aaa07969.parquet",
      "backward_neighbor_index": 8,
      "forward_neighbor_index": 18,
      "c2w": [
        [
          0.6476339637621153,
          0.026709212128118196,
          0.7614833333496944,
          -0.5022943344277491
        ],
        [
          0.7611232896747049,
          0.023909664469866393,
          -0.6481663874805699,
          -0.35491667818978156
        ],
        [
          -0.035518824537315516,
          0.9993572664129624,
          -0.004844292626735924,
          -0.0036926874546426743
        ]
      ],
      "W": 1600,
      "H": 900,
      "intrinsics": [
        1259.513740585,
        1259.513740585,
        807.2529053839,
        501.1957988492
      ],
      "time": -0.9900990099009901,
      "video_id": 0,
      "is_val": true
    },
    {
      "image_index": 14,
      "rgb_path": "/data2/zhouzhexian/dataset/nusc_kitti/mini_train/CAM_BACK_LEFT/image_2/000002_356d81f38dd9473ba590f39e266f54e5.png",
      "depth_path": "/data2/zhouzhexian/dataset/nusc_kitti/mini_train/CAM_BACK_LEFT/depth/000002_356d81f38dd9473ba590f39e266f54e5.parquet",
      "feature_path": "/data2/zhouzhexian/dataset/nusc_kitti/mini_train/CAM_BACK_LEFT/dino/000002_356d81f38dd9473ba590f39e266f54e5.parquet",
      "backward_flow_path": "/data2/zhouzhexian/dataset/nusc_kitti/mini_train/CAM_BACK_LEFT/dino_correspondences/000001_39586f9d59004284a7114a68825e8eec.parquet",
      "forward_flow_path": "/data2/zhouzhexian/dataset/nusc_kitti/mini_train/CAM_BACK_LEFT/dino_correspondences/000003_e0845f5322254dafadbbed75aaa07969.parquet",
      "backward_neighbor_index": 9,
      "forward_neighbor_index": 19,
      "c2w": [
        [
          -0.017636247580972184,
          0.04815456828318615,
          -0.9986841844771036,
          -0.5016585995210744
        ],
        [
          -0.9997996805641823,
          0.008604822753620105,
          0.018070854133071933,
          -0.3551587252062815
        ],
        [
          0.009463694573558699,
          0.9988028306822149,
          0.04799316520275899,
          -0.003691723705302779
        ]
      ],
      "W": 1600,
      "H": 900,
      "intrinsics": [
        1256.74148121,
        1256.74148121,
        792.112574076,
        492.7757465151
      ],
      "time": -0.9900990099009901,
      "video_id": 0,
      "is_val": true
    },
    {
      "image_index": 15,
      "rgb_path": "/data2/zhouzhexian/dataset/nusc_kitti/mini_train/CAM_FRONT_LEFT/image_2/000003_e0845f5322254dafadbbed75aaa07969.png",
      "depth_path": "/data2/zhouzhexian/dataset/nusc_kitti/mini_train/CAM_FRONT_LEFT/depth/000003_e0845f5322254dafadbbed75aaa07969.parquet",
      "feature_path": "/data2/zhouzhexian/dataset/nusc_kitti/mini_train/CAM_FRONT_LEFT/dino/000003_e0845f5322254dafadbbed75aaa07969.parquet",
      "backward_flow_path": "/data2/zhouzhexian/dataset/nusc_kitti/mini_train/CAM_FRONT_LEFT/dino_correspondences/000002_356d81f38dd9473ba590f39e266f54e5.parquet",
      "forward_flow_path": "/data2/zhouzhexian/dataset/nusc_kitti/mini_train/CAM_FRONT_LEFT/dino_correspondences/000004_c923fe08b2ff4e27975d2bf30934383b.parquet",
      "backward_neighbor_index": 10,
      "forward_neighbor_index": 20,
      "c2w": [
        [
          -0.806706592762785,
          0.023709805557916214,
          -0.5904763486486423,
          -0.5027311597882795
        ],
        [
          -0.5906368604777658,
          0.0002875658480359332,
          0.8069374302576154,
          -0.35825630301419326
        ],
        [
          0.019302130400758073,
          0.9997188416881508,
          0.013771903851797784,
          -0.0037460060350924932
        ]
      ],
      "W": 1600,
      "H": 900,
      "intrinsics": [
        1272.59794706,
        1272.59794706,
        826.6154927354,
        479.7516538636
      ],
      "time": -0.9851485148514851,
      "video_id": 0,
      "is_val": true
    },
    {
      "image_index": 16,
      "rgb_path": "/data2/zhouzhexian/dataset/nusc_kitti/mini_train/CAM_FRONT/image_2/000003_e0845f5322254dafadbbed75aaa07969.png",
      "depth_path": "/data2/zhouzhexian/dataset/nusc_kitti/mini_train/CAM_FRONT/depth/000003_e0845f5322254dafadbbed75aaa07969.parquet",
      "feature_path": "/data2/zhouzhexian/dataset/nusc_kitti/mini_train/CAM_FRONT/dino/000003_e0845f5322254dafadbbed75aaa07969.parquet",
      "backward_flow_path": "/data2/zhouzhexian/dataset/nusc_kitti/mini_train/CAM_FRONT/dino_correspondences/000002_356d81f38dd9473ba590f39e266f54e5.parquet",
      "forward_flow_path": "/data2/zhouzhexian/dataset/nusc_kitti/mini_train/CAM_FRONT/dino_correspondences/000004_c923fe08b2ff4e27975d2bf30934383b.parquet",
      "backward_neighbor_index": 11,
      "forward_neighbor_index": 21,
      "c2w": [
        [
          -0.947217595655368,
          0.0258248936171288,
          0.3195495287909801,
          -0.503090273695712
        ],
        [
          0.31950250105649797,
          -0.006038345467414188,
          0.9475661930454801,
          -0.3582646120265224
        ],
        [
          0.02640034657937563,
          0.9996482447609758,
          -0.00253149102481531,
          -0.0037352108917276913
        ]
      ],
      "W": 1600,
      "H": 900,
      "intrinsics": [
        1266.417203047,
        1266.417203047,
        816.2670197448,
        491.5070657929
      ],
      "time": -0.9851485148514851,
      "video_id": 0,
      "is_val": true
    },
    {
      "image_index": 17,
      "rgb_path": "/data2/zhouzhexian/dataset/nusc_kitti/mini_train/CAM_FRONT_RIGHT/image_2/000003_e0845f5322254dafadbbed75aaa07969.png",
      "depth_path": "/data2/zhouzhexian/dataset/nusc_kitti/mini_train/CAM_FRONT_RIGHT/depth/000003_e0845f5322254dafadbbed75aaa07969.parquet",
      "feature_path": "/data2/zhouzhexian/dataset/nusc_kitti/mini_train/CAM_FRONT_RIGHT/dino/000003_e0845f5322254dafadbbed75aaa07969.parquet",
      "backward_flow_path": "/data2/zhouzhexian/dataset/nusc_kitti/mini_train/CAM_FRONT_RIGHT/dino_correspondences/000002_356d81f38dd9473ba590f39e266f54e5.parquet",
      "forward_flow_path": "/data2/zhouzhexian/dataset/nusc_kitti/mini_train/CAM_FRONT_RIGHT/dino_correspondences/000004_c923fe08b2ff4e27975d2bf30934383b.parquet",
      "backward_neighbor_index": 12,
      "forward_neighbor_index": 22,
      "c2w": [
        [
          -0.25282489002015707,
          0.011373076281547451,
          0.967445206780346,
          -0.5033953671288598
        ],
        [
          0.9675102993972479,
          0.00487638895879907,
          0.2527845750653255,
          -0.3580482170682008
        ],
        [
          -0.0018427008695716986,
          0.9999234340520925,
          -0.012236440940433645,
          -0.003737631791834388
        ]
      ],
      "W": 1600,
      "H": 900,
      "intrinsics": [
        1260.8474446,
        1260.8474446,
        807.9682445256,
        495.3344268742
      ],
      "time": -0.9851485148514851,
      "video_id": 0,
      "is_val": true
    },
    {
      "image_index": 18,
      "rgb_path": "/data2/zhouzhexian/dataset/nusc_kitti/mini_train/CAM_BACK_RIGHT/image_2/000003_e0845f5322254dafadbbed75aaa07969.png",
      "depth_path": "/data2/zhouzhexian/dataset/nusc_kitti/mini_train/CAM_BACK_RIGHT/depth/000003_e0845f5322254dafadbbed75aaa07969.parquet",
      "feature_path": "/data2/zhouzhexian/dataset/nusc_kitti/mini_train/CAM_BACK_RIGHT/dino/000003_e0845f5322254dafadbbed75aaa07969.parquet",
      "backward_flow_path": "/data2/zhouzhexian/dataset/nusc_kitti/mini_train/CAM_BACK_RIGHT/dino_correspondences/000002_356d81f38dd9473ba590f39e266f54e5.parquet",
      "forward_flow_path": "/data2/zhouzhexian/dataset/nusc_kitti/mini_train/CAM_BACK_RIGHT/dino_correspondences/000004_c923fe08b2ff4e27975d2bf30934383b.parquet",
      "backward_neighbor_index": 13,
      "forward_neighbor_index": 23,
      "c2w": [
        [
          0.6389951842913617,
          0.02126582633306434,
          0.7689167179109291,
          -0.5032629810631278
        ],
        [
          0.7687137443606092,
          0.018273324183320765,
          -0.639331889439515,
          -0.35769422373548343
        ],
        [
          -0.027646585386366322,
          0.9996068478424993,
          -0.004670766833279671,
          -0.003694085944580548
        ]
      ],
      "W": 1600,
      "H": 900,
      "intrinsics": [
        1259.513740585,
        1259.513740585,
        807.2529053839,
        501.1957988492
      ],
      "time": -0.9851485148514851,
      "video_id": 0,
      "is_val": true
    },
    {
      "image_index": 19,
      "rgb_path": "/data2/zhouzhexian/dataset/nusc_kitti/mini_train/CAM_BACK_LEFT/image_2/000003_e0845f5322254dafadbbed75aaa07969.png",
      "depth_path": "/data2/zhouzhexian/dataset/nusc_kitti/mini_train/CAM_BACK_LEFT/depth/000003_e0845f5322254dafadbbed75aaa07969.parquet",
      "feature_path": "/data2/zhouzhexian/dataset/nusc_kitti/mini_train/CAM_BACK_LEFT/dino/000003_e0845f5322254dafadbbed75aaa07969.parquet",
      "backward_flow_path": "/data2/zhouzhexian/dataset/nusc_kitti/mini_train/CAM_BACK_LEFT/dino_correspondences/000002_356d81f38dd9473ba590f39e266f54e5.parquet",
      "forward_flow_path": "/data2/zhouzhexian/dataset/nusc_kitti/mini_train/CAM_BACK_LEFT/dino_correspondences/000004_c923fe08b2ff4e27975d2bf30934383b.parquet",
      "backward_neighbor_index": 14,
      "forward_neighbor_index": 24,
      "c2w": [
        [
          -0.006162671910108178,
          0.04288870172785241,
          -0.9990608493675458,
          -0.5026245126389183
        ],
        [
          -0.9999749309151719,
          0.0032195231770526106,
          0.006306521360364896,
          -0.35792894996058056
        ],
        [
          0.0034869780733928733,
          0.9990746688484186,
          0.04286778568230015,
          -0.0036912173015552093
        ]
      ],
      "W": 1600,
      "H": 900,
      "intrinsics": [
        1256.74148121,
        1256.74148121,
        792.112574076,
        492.7757465151
      ],
      "time": -0.9851485148514851,
      "video_id": 0,
      "is_val": true
    },
    {
      "image_index": 20,
      "rgb_path": "/data2/zhouzhexian/dataset/nusc_kitti/mini_train/CAM_FRONT_LEFT/image_2/000004_c923fe08b2ff4e27975d2bf30934383b.png",
      "depth_path": "/data2/zhouzhexian/dataset/nusc_kitti/mini_train/CAM_FRONT_LEFT/depth/000004_c923fe08b2ff4e27975d2bf30934383b.parquet",
      "feature_path": "/data2/zhouzhexian/dataset/nusc_kitti/mini_train/CAM_FRONT_LEFT/dino/000004_c923fe08b2ff4e27975d2bf30934383b.parquet",
      "backward_flow_path": "/data2/zhouzhexian/dataset/nusc_kitti/mini_train/CAM_FRONT_LEFT/dino_correspondences/000003_e0845f5322254dafadbbed75aaa07969.parquet",
      "forward_flow_path": "/data2/zhouzhexian/dataset/nusc_kitti/mini_train/CAM_FRONT_LEFT/dino_correspondences/000005_f1e3d9d08f044c439ce86a2d6fcca57b.parquet",
      "backward_neighbor_index": 15,
      "forward_neighbor_index": 25,
      "c2w": [
        [
          -0.8039205372820566,
          0.02372041563663628,
          -0.5942635035219015,
          -0.5036559527655698
        ],
        [
          -0.594346114878106,
          0.004165721903873678,
          0.8041985715544608,
          -0.36097240012755866
        ],
        [
          0.021551460864956035,
          0.9997099522576814,
          0.01074922748579493,
          -0.003744128308911622
        ]
      ],
      "W": 1600,
      "H": 900,
      "intrinsics": [
        1272.59794706,
        1272.59794706,
        826.6154927354,
        479.7516538636
      ],
      "time": -0.9801980198019802,
      "video_id": 0,
      "is_val": true
    },
    {
      "image_index": 21,
      "rgb_path": "/data2/zhouzhexian/dataset/nusc_kitti/mini_train/CAM_FRONT/image_2/000004_c923fe08b2ff4e27975d2bf30934383b.png",
      "depth_path": "/data2/zhouzhexian/dataset/nusc_kitti/mini_train/CAM_FRONT/depth/000004_c923fe08b2ff4e27975d2bf30934383b.parquet",
      "feature_path": "/data2/zhouzhexian/dataset/nusc_kitti/mini_train/CAM_FRONT/dino/000004_c923fe08b2ff4e27975d2bf30934383b.parquet",
      "backward_flow_path": "/data2/zhouzhexian/dataset/nusc_kitti/mini_train/CAM_FRONT/dino_correspondences/000003_e0845f5322254dafadbbed75aaa07969.parquet",
      "forward_flow_path": "/data2/zhouzhexian/dataset/nusc_kitti/mini_train/CAM_FRONT/dino_correspondences/000005_f1e3d9d08f044c439ce86a2d6fcca57b.parquet",
      "backward_neighbor_index": 16,
      "forward_neighbor_index": 26,
      "c2w": [
        [
          -0.9487089579533446,
          0.025865220987481383,
          0.315090944716535,
          -0.5040150235067781
        ],
        [
          0.31514286484217563,
          -0.0021503965825458195,
          0.9490418065257454,
          -0.3609823566759217
        ],
        [
          0.02522474654285557,
          0.9996631263269781,
          -0.006111139340762637,
          -0.0037332911842780946
        ]
      ],
      "W": 1600,
      "H": 900,
      "intrinsics": [
        1266.417203047,
        1266.417203047,
        816.2670197448,
        491.5070657929
      ],
      "time": -0.9801980198019802,
      "video_id": 0,
      "is_val": true
    },
    {
      "image_index": 22,
      "rgb_path": "/data2/zhouzhexian/dataset/nusc_kitti/mini_train/CAM_FRONT_RIGHT/image_2/000004_c923fe08b2ff4e27975d2bf30934383b.png",
      "depth_path": "/data2/zhouzhexian/dataset/nusc_kitti/mini_train/CAM_FRONT_RIGHT/depth/000004_c923fe08b2ff4e27975d2bf30934383b.parquet",
      "feature_path": "/data2/zhouzhexian/dataset/nusc_kitti/mini_train/CAM_FRONT_RIGHT/dino/000004_c923fe08b2ff4e27975d2bf30934383b.parquet",
      "backward_flow_path": "/data2/zhouzhexian/dataset/nusc_kitti/mini_train/CAM_FRONT_RIGHT/dino_correspondences/000003_e0845f5322254dafadbbed75aaa07969.parquet",
      "forward_flow_path": "/data2/zhouzhexian/dataset/nusc_kitti/mini_train/CAM_FRONT_RIGHT/dino_correspondences/000005_f1e3d9d08f044c439ce86a2d6fcca57b.parquet",
      "backward_neighbor_index": 17,
      "forward_neighbor_index": 27,
      "c2w": [
        [
          -0.257370907607237,
          0.011362250672006656,
          0.9662458875344159,
          -0.504321130987295
        ],
        [
          0.9662971497349072,
          0.008697231921470244,
          0.2572822896568808,
          -0.3607674091515736
        ],
        [
          -0.005480358708505724,
          0.9998976234677653,
          -0.013217724912235346,
          -0.003736518232847006
        ]
      ],
      "W": 1600,
      "H": 900,
      "intrinsics": [
        1260.8474446,
        1260.8474446,
        807.9682445256,
        495.3344268742
      ],
      "time": -0.9801980198019802,
      "video_id": 0,
      "is_val": true
    },
    {
      "image_index": 23,
      "rgb_path": "/data2/zhouzhexian/dataset/nusc_kitti/mini_train/CAM_BACK_RIGHT/image_2/000004_c923fe08b2ff4e27975d2bf30934383b.png",
      "depth_path": "/data2/zhouzhexian/dataset/nusc_kitti/mini_train/CAM_BACK_RIGHT/depth/000004_c923fe08b2ff4e27975d2bf30934383b.parquet",
      "feature_path": "/data2/zhouzhexian/dataset/nusc_kitti/mini_train/CAM_BACK_RIGHT/dino/000004_c923fe08b2ff4e27975d2bf30934383b.parquet",
      "backward_flow_path": "/data2/zhouzhexian/dataset/nusc_kitti/mini_train/CAM_BACK_RIGHT/dino_correspondences/000003_e0845f5322254dafadbbed75aaa07969.parquet",
      "forward_flow_path": "/data2/zhouzhexian/dataset/nusc_kitti/mini_train/CAM_BACK_RIGHT/dino_correspondences/000005_f1e3d9d08f044c439ce86a2d6fcca57b.parquet",
      "backward_neighbor_index": 18,
      "forward_neighbor_index": 28,
      "c2w": [
        [
          0.6353736446119015,
          0.021191901273343427,
          0.7719140075507802,
          -0.5041904101664633
        ],
        [
          0.7715998381000875,
          0.02213924155830507,
          -0.6357228514274598,
          -0.36041263576597327
        ],
        [
          -0.030561766580059227,
          0.999530268327878,
          -0.002284976993705584,
          -0.003694310381773949
        ]
      ],
      "W": 1600,
      "H": 900,
      "intrinsics": [
        1259.513740585,
        1259.513740585,
        807.2529053839,
        501.1957988492
      ],
      "time": -0.9801980198019802,
      "video_id": 0,
      "is_val": true
    },
    {
      "image_index": 24,
      "rgb_path": "/data2/zhouzhexian/dataset/nusc_kitti/mini_train/CAM_BACK_LEFT/image_2/000004_c923fe08b2ff4e27975d2bf30934383b.png",
      "depth_path": "/data2/zhouzhexian/dataset/nusc_kitti/mini_train/CAM_BACK_LEFT/depth/000004_c923fe08b2ff4e27975d2bf30934383b.parquet",
      "feature_path": "/data2/zhouzhexian/dataset/nusc_kitti/mini_train/CAM_BACK_LEFT/dino/000004_c923fe08b2ff4e27975d2bf30934383b.parquet",
      "backward_flow_path": "/data2/zhouzhexian/dataset/nusc_kitti/mini_train/CAM_BACK_LEFT/dino_correspondences/000003_e0845f5322254dafadbbed75aaa07969.parquet",
      "forward_flow_path": "/data2/zhouzhexian/dataset/nusc_kitti/mini_train/CAM_BACK_LEFT/dino_correspondences/000005_f1e3d9d08f044c439ce86a2d6fcca57b.parquet",
      "backward_neighbor_index": 19,
      "forward_neighbor_index": 29,
      "c2w": [
        [
          -0.001461137991409321,
          0.04288530723977046,
          -0.999078933567662,
          -0.5035508451887941
        ],
        [
          -0.9999726168694852,
          0.007185367779428447,
          0.0017708757799961674,
          -0.3606443451876851
        ],
        [
          0.007254694130274627,
          0.999054163152725,
          0.04287363409195692,
          -0.0036905765094268853
        ]
      ],
      "W": 1600,
      "H": 900,
      "intrinsics": [
        1256.74148121,
        1256.74148121,
        792.112574076,
        492.7757465151
      ],
      "time": -0.9801980198019802,
      "video_id": 0,
      "is_val": true
    },
    {
      "image_index": 25,
      "rgb_path": "/data2/zhouzhexian/dataset/nusc_kitti/mini_train/CAM_FRONT_LEFT/image_2/000005_f1e3d9d08f044c439ce86a2d6fcca57b.png",
      "depth_path": "/data2/zhouzhexian/dataset/nusc_kitti/mini_train/CAM_FRONT_LEFT/depth/000005_f1e3d9d08f044c439ce86a2d6fcca57b.parquet",
      "feature_path": "/data2/zhouzhexian/dataset/nusc_kitti/mini_train/CAM_FRONT_LEFT/dino/000005_f1e3d9d08f044c439ce86a2d6fcca57b.parquet",
      "backward_flow_path": "/data2/zhouzhexian/dataset/nusc_kitti/mini_train/CAM_FRONT_LEFT/dino_correspondences/000004_c923fe08b2ff4e27975d2bf30934383b.parquet",
      "forward_flow_path": "/data2/zhouzhexian/dataset/nusc_kitti/mini_train/CAM_FRONT_LEFT/dino_correspondences/000006_4f545737bf3347fbbc9af60b0be9a963.parquet",
      "backward_neighbor_index": 20,
      "forward_neighbor_index": 30,
      "c2w": [
        [
          -0.8000814956895363,
          0.02424841391456092,
          -0.5994010466105262,
          -0.5044498461640643
        ],
        [
          -0.59955394874993,
          0.001183539579385877,
          0.8003334691066886,
          -0.3632971385885671
        ],
        [
          0.020116232091165445,
          0.9997052633935186,
          0.013591304196510806,
          -0.0037457977870350777
        ]
      ],
      "W": 1600,
      "H": 900,
      "intrinsics": [
        1272.59794706,
        1272.59794706,
        826.6154927354,
        479.7516538636
      ],
      "time": -0.9752475247524752,
      "video_id": 0,
      "is_val": true
    },
    {
      "image_index": 26,
