{
  "origin": [
    1120.9104242402589,
    1676.2211051874933,
    -4.95284621949269
  ],
  "scene_bounds": [
    [
      -0.6402577804724846,
      -0.7679206601069146,
      -0.019179007414573963
    ],
    [
      0.6402577804724845,
      0.7679206601069146,
      0.019179007414573963
    ]
  ],
  "pose_scale_factor": 1420.2504908228952,
  "frames": [
    {
      "image_index": 0,
      "rgb_path": "/data2/zhouzhexian/dataset/nusc_kitti/mini_train/CAM_FRONT_LEFT/image_2/000000_ca9a282c9e77460f8360f564131a8af5.png",
      "depth_path": "/data2/zhouzhexian/dataset/nusc_kitti/mini_train/CAM_FRONT_LEFT/depth/000000_ca9a282c9e77460f8360f564131a8af5.parquet",
      "feature_path": "/data2/zhouzhexian/dataset/nusc_kitti/mini_train/CAM_FRONT_LEFT/dino/000000_ca9a282c9e77460f8360f564131a8af5.parquet",
      "backward_flow_path": null,
      "forward_flow_path": "/data2/zhouzhexian/dataset/nusc_kitti/mini_train/CAM_FRONT_LEFT/dino_correspondences/000001_39586f9d59004284a7114a68825e8eec.parquet",
      "backward_neighbor_index": null,
      "forward_neighbor_index": 6,
      "c2w": [
        [
          -0.8203431339483922,
          0.02704880986903977,
          -0.5712315681651126,
          -0.4994570427293074
        ],
        [
          -0.5713450076193204,
          0.004091584492233034,
          0.8206997875013353,
          -0.34926770249461225
        ],
        [
          0.024536194737464535,
          0.9996257403753791,
          0.012097699235543,
          0.0032505059200551734
        ]
      ],
      "W": 1600,
      "H": 900,
      "intrinsics": [
        1272.59794706,
        1272.59794706,
        826.6154927354,
        479.7516538636
      ],
      "time": -1.0,
      "video_id": 0,
      "is_val": true
    },
    {
      "image_index": 1,
      "rgb_path": "/data2/zhouzhexian/dataset/nusc_kitti/mini_train/CAM_FRONT/image_2/000000_ca9a282c9e77460f8360f564131a8af5.png",
      "depth_path": "/data2/zhouzhexian/dataset/nusc_kitti/mini_train/CAM_FRONT/depth/000000_ca9a282c9e77460f8360f564131a8af5.parquet",
      "feature_path": "/data2/zhouzhexian/dataset/nusc_kitti/mini_train/CAM_FRONT/dino/000000_ca9a282c9e77460f8360f564131a8af5.parquet",
      "backward_flow_path": null,
      "forward_flow_path": "/data2/zhouzhexian/dataset/nusc_kitti/mini_train/CAM_FRONT/dino_correspondences/000001_39586f9d59004284a7114a68825e8eec.parquet",
      "backward_neighbor_index": null,
      "forward_neighbor_index": 7,
      "c2w": [
        [
          -0.9393253458525485,
          0.029013868328012032,
          0.34179831784789344,
          -0.49981616934429934
        ],
        [
          0.34187911614881594,
          -0.002282726955322001,
          0.9397411660127486,
          -0.34926748728578777
        ],
        [
          0.0280457586865404,
          0.9995764025837724,
          -0.007775012373249374,
          0.0032624983862308363
        ]
      ],
      "W": 1600,
      "H": 900,
      "intrinsics": [
        1266.417203047,
        1266.417203047,
        816.2670197448,
        491.5070657929
      ],
      "time": -1.0,
      "video_id": 0,
      "is_val": true
    },
    {
      "image_index": 2,
      "rgb_path": "/data2/zhouzhexian/dataset/nusc_kitti/mini_train/CAM_FRONT_RIGHT/image_2/000000_ca9a282c9e77460f8360f564131a8af5.png",
      "depth_path": "/data2/zhouzhexian/dataset/nusc_kitti/mini_train/CAM_FRONT_RIGHT/depth/000000_ca9a282c9e77460f8360f564131a8af5.parquet",
      "feature_path": "/data2/zhouzhexian/dataset/nusc_kitti/mini_train/CAM_FRONT_RIGHT/dino/000000_ca9a282c9e77460f8360f564131a8af5.parquet",
      "backward_flow_path": null,
      "forward_flow_path": "/data2/zhouzhexian/dataset/nusc_kitti/mini_train/CAM_FRONT_RIGHT/dino_correspondences/000001_39586f9d59004284a7114a68825e8eec.parquet",
      "backward_neighbor_index": null,
      "forward_neighbor_index": 8,
      "c2w": [
        [
          -0.22994102650311712,
          0.014824489516170441,
          0.9730916497644826,
          -0.5001160428889585
        ],
        [
          0.9731900091171497,
          0.008971113632873985,
          0.2298275990274778,
          -0.3490439935130612
        ],
        [
          -0.005322638932930043,
          0.9998498655451666,
          -0.016489872165020875,
          0.003260103781234495
        ]
      ],
      "W": 1600,
      "H": 900,
      "intrinsics": [
        1260.8474446,
        1260.8474446,
        807.9682445256,
        495.3344268742
      ],
      "time": -1.0,
      "video_id": 0,
      "is_val": true
    },
    {
      "image_index": 3,
      "rgb_path": "/data2/zhouzhexian/dataset/nusc_kitti/mini_train/CAM_BACK_RIGHT/image_2/000000_ca9a282c9e77460f8360f564131a8af5.png",
      "depth_path": "/data2/zhouzhexian/dataset/nusc_kitti/mini_train/CAM_BACK_RIGHT/depth/000000_ca9a282c9e77460f8360f564131a8af5.parquet",
      "feature_path": "/data2/zhouzhexian/dataset/nusc_kitti/mini_train/CAM_BACK_RIGHT/dino/000000_ca9a282c9e77460f8360f564131a8af5.parquet",
      "backward_flow_path": null,
      "forward_flow_path": "/data2/zhouzhexian/dataset/nusc_kitti/mini_train/CAM_BACK_RIGHT/dino_correspondences/000001_39586f9d59004284a7114a68825e8eec.parquet",
      "backward_neighbor_index": null,
      "forward_neighbor_index": 9,
      "c2w": [
        [
          0.6568513021637695,
          0.02502933583123925,
          0.7536046040157303,
          -0.499975217945462
        ],
        [
          0.7532920033604218,
          0.02212934916644009,
          -0.6573138136222559,
          -0.34869308052226566
        ],
        [
          -0.033128907603359174,
          0.9994417563086282,
          -0.004318706715086731,
          0.003301642737976682
        ]
      ],
      "W": 1600,
      "H": 900,
      "intrinsics": [
        1259.513740585,
        1259.513740585,
        807.2529053839,
        501.1957988492
      ],
      "time": -1.0,
      "video_id": 0,
      "is_val": true
    },
    {
      "image_index": 4,
      "rgb_path": "/data2/zhouzhexian/dataset/nusc_kitti/mini_train/CAM_BACK/image_2/000000_ca9a282c9e77460f8360f564131a8af5.png",
      "depth_path": "/data2/zhouzhexian/dataset/nusc_kitti/mini_train/CAM_BACK/depth/000000_ca9a282c9e77460f8360f564131a8af5.parquet",
      "feature_path": "/data2/zhouzhexian/dataset/nusc_kitti/mini_train/CAM_BACK/dino/000000_ca9a282c9e77460f8360f564131a8af5.parquet",
      "backward_flow_path": null,
      "forward_flow_path": "/data2/zhouzhexian/dataset/nusc_kitti/mini_train/CAM_BACK/dino_correspondences/000001_39586f9d59004284a7114a68825e8eec.parquet",
      "backward_neighbor_index": null,
      "forward_neighbor_index": 10,
      "c2w": [
        [
          0.9364214435501217,
          0.028079243038227238,
          -0.349751963782711,
          -0.4994143883595109
        ],
        [
          -0.34949367374580464,
          -0.013792407890168576,
          -0.9368372011701468,
          -0.34815995891783535
        ],
        [
          -0.031129601203784017,
          0.9995105430134693,
          -0.0031019887011114865,
          0.0032947187539628165
        ]
      ],
      "W": 1600,
      "H": 900,
      "intrinsics": [
        809.2209905677,
        809.2209905677,
        829.219600326,
        481.7784238451
      ],
      "time": -1.0,
      "video_id": 0,
      "is_val": true
    },
    {
      "image_index": 5,
      "rgb_path": "/data2/zhouzhexian/dataset/nusc_kitti/mini_train/CAM_BACK_LEFT/image_2/000000_ca9a282c9e77460f8360f564131a8af5.png",
      "depth_path": "/data2/zhouzhexian/dataset/nusc_kitti/mini_train/CAM_BACK_LEFT/depth/000000_ca9a282c9e77460f8360f564131a8af5.parquet",
      "feature_path": "/data2/zhouzhexian/dataset/nusc_kitti/mini_train/CAM_BACK_LEFT/dino/000000_ca9a282c9e77460f8360f564131a8af5.parquet",
      "backward_flow_path": null,
      "forward_flow_path": "/data2/zhouzhexian/dataset/nusc_kitti/mini_train/CAM_BACK_LEFT/dino_correspondences/000001_39586f9d59004284a7114a68825e8eec.parquet",
      "backward_neighbor_index": null,
      "forward_neighbor_index": 11,
      "c2w": [
        [
          -0.029733223763176924,
          0.04628926174822892,
          -0.9984854729295914,
          -0.49934253682731217
        ],
        [
          -0.999526260654619,
          0.006567282492777646,
          0.03006867244191363,
          -0.34894276234621713
        ],
        [
          0.007949192814751913,
          0.9989064896412645,
          0.04607206622379294,
          0.003303487788017915
        ]
      ],
      "W": 1600,
      "H": 900,
      "intrinsics": [
        1256.74148121,
        1256.74148121,
        792.112574076,
        492.7757465151
      ],
      "time": -1.0,
      "video_id": 0,
      "is_val": true
    },
    {
      "image_index": 6,
      "rgb_path": "/data2/zhouzhexian/dataset/nusc_kitti/mini_train/CAM_FRONT_LEFT/image_2/000001_39586f9d59004284a7114a68825e8eec.png",
      "depth_path": "/data2/zhouzhexian/dataset/nusc_kitti/mini_train/CAM_FRONT_LEFT/depth/000001_39586f9d59004284a7114a68825e8eec.parquet",
      "feature_path": "/data2/zhouzhexian/dataset/nusc_kitti/mini_train/CAM_FRONT_LEFT/dino/000001_39586f9d59004284a7114a68825e8eec.parquet",
      "backward_flow_path": "/data2/zhouzhexian/dataset/nusc_kitti/mini_train/CAM_FRONT_LEFT/dino_correspondences/000000_ca9a282c9e77460f8360f564131a8af5.parquet",
      "forward_flow_path": "/data2/zhouzhexian/dataset/nusc_kitti/mini_train/CAM_FRONT_LEFT/dino_correspondences/000002_356d81f38dd9473ba590f39e266f54e5.parquet",
      "backward_neighbor_index": 0,
      "forward_neighbor_index": 12,
      "c2w": [
        [
          -0.8169431970918288,
          0.028803857076230246,
          -0.5759983945662405,
          -0.5005534649662112
        ],
        [
          -0.5762301491648152,
          0.00031032928411451124,
          0.8172874151050806,
          -0.3522323802182534
        ],
        [
          0.023719779064326554,
          0.9995850346585223,
          0.01634412946203826,
          0.0032482013901903506
        ]
      ],
      "W": 1600,
      "H": 900,
      "intrinsics": [
        1272.59794706,
        1272.59794706,
        826.6154927354,
        479.7516538636
      ],
      "time": -0.995049504950495,
      "video_id": 0,
      "is_val": true
    },
    {
      "image_index": 7,
      "rgb_path": "/data2/zhouzhexian/dataset/nusc_kitti/mini_train/CAM_FRONT/image_2/000001_39586f9d59004284a7114a68825e8eec.png",
      "depth_path": "/data2/zhouzhexian/dataset/nusc_kitti/mini_train/CAM_FRONT/depth/000001_39586f9d59004284a7114a68825e8eec.parquet",
      "feature_path": "/data2/zhouzhexian/dataset/nusc_kitti/mini_train/CAM_FRONT/dino/000001_39586f9d59004284a7114a68825e8eec.parquet",
      "backward_flow_path": "/data2/zhouzhexian/dataset/nusc_kitti/mini_train/CAM_FRONT/dino_correspondences/000000_ca9a282c9e77460f8360f564131a8af5.parquet",
      "forward_flow_path": "/data2/zhouzhexian/dataset/nusc_kitti/mini_train/CAM_FRONT/dino_correspondences/000002_356d81f38dd9473ba590f39e266f54e5.parquet",
      "backward_neighbor_index": 1,
      "forward_neighbor_index": 13,
      "c2w": [
        [
          -0.9412570071555584,
          0.030806064716046525,
          0.33628296545808634,
          -0.5009125647823996
        ],
        [
          0.33626082345083563,
          -0.0060521246087267035,
          0.9417494520305991,
          -0.35223431477244344
        ],
        [
          0.031046820976299298,
          0.9995070575861149,
          -0.004662267992560181,
          0.0032608255998272536
        ]
      ],
      "W": 1600,
      "H": 900,
      "intrinsics": [
        1266.417203047,
        1266.417203047,
        816.2670197448,
        491.5070657929
      ],
      "time": -0.995049504950495,
      "video_id": 0,
      "is_val": true
    },
    {
      "image_index": 8,
      "rgb_path": "/data2/zhouzhexian/dataset/nusc_kitti/mini_train/CAM_FRONT_RIGHT/image_2/000001_39586f9d59004284a7114a68825e8eec.png",
      "depth_path": "/data2/zhouzhexian/dataset/nusc_kitti/mini_train/CAM_FRONT_RIGHT/depth/000001_39586f9d59004284a7114a68825e8eec.parquet",
      "feature_path": "/data2/zhouzhexian/dataset/nusc_kitti/mini_train/CAM_FRONT_RIGHT/dino/000001_39586f9d59004284a7114a68825e8eec.parquet",
      "backward_flow_path": "/data2/zhouzhexian/dataset/nusc_kitti/mini_train/CAM_FRONT_RIGHT/dino_correspondences/000000_ca9a282c9e77460f8360f564131a8af5.parquet",
      "forward_flow_path": "/data2/zhouzhexian/dataset/nusc_kitti/mini_train/CAM_FRONT_RIGHT/dino_correspondences/000002_356d81f38dd9473ba590f39e266f54e5.parquet",
      "backward_neighbor_index": 2,
      "forward_neighbor_index": 14,
      "c2w": [
        [
          -0.23563692429559652,
          0.01655163106831561,
          0.9717002024377539,
          -0.50121374386528
        ],
        [
          0.971840567279076,
          0.005117286733096818,
          0.23558379648685807,
          -0.35201257272865144
        ],
        [
          -0.0010731724693603117,
          0.9998499171802661,
          -0.017291368233354032,
          0.003259841009832443
        ]
      ],
      "W": 1600,
      "H": 900,
      "intrinsics": [
        1260.8474446,
        1260.8474446,
        807.9682445256,
        495.3344268742
      ],
      "time": -0.995049504950495,
      "video_id": 0,
      "is_val": true
    },
    {
      "image_index": 9,
      "rgb_path": "/data2/zhouzhexian/dataset/nusc_kitti/mini_train/CAM_BACK_RIGHT/image_2/000001_39586f9d59004284a7114a68825e8eec.png",
      "depth_path": "/data2/zhouzhexian/dataset/nusc_kitti/mini_train/CAM_BACK_RIGHT/depth/000001_39586f9d59004284a7114a68825e8eec.parquet",
      "feature_path": "/data2/zhouzhexian/dataset/nusc_kitti/mini_train/CAM_BACK_RIGHT/dino/000001_39586f9d59004284a7114a68825e8eec.parquet",
      "backward_flow_path": "/data2/zhouzhexian/dataset/nusc_kitti/mini_train/CAM_BACK_RIGHT/dino_correspondences/000000_ca9a282c9e77460f8360f564131a8af5.parquet",
      "forward_flow_path": "/data2/zhouzhexian/dataset/nusc_kitti/mini_train/CAM_BACK_RIGHT/dino_correspondences/000002_356d81f38dd9473ba590f39e266f54e5.parquet",
      "backward_neighbor_index": 3,
      "forward_neighbor_index": 15,
      "c2w": [
        [
          0.6523751901258844,
          0.026678617607996807,
          0.7574264734420361,
          -0.5010748995672353
        ],
        [
          0.7572493197452185,
          0.018336546887623536,
          -0.6528684697498891,
          -0.3516610077259468
        ],
        [
          -0.03130621429696713,
          0.9994758738512507,
          -0.008240056773337435,
          0.0033025187150291613
        ]
      ],
      "W": 1600,
      "H": 900,
      "intrinsics": [
        1259.513740585,
        1259.513740585,
        807.2529053839,
        501.1957988492
      ],
      "time": -0.995049504950495,
      "video_id": 0,
      "is_val": true
    },
    {
      "image_index": 10,
      "rgb_path": "/data2/zhouzhexian/dataset/nusc_kitti/mini_train/CAM_BACK/image_2/000001_39586f9d59004284a7114a68825e8eec.png",
      "depth_path": "/data2/zhouzhexian/dataset/nusc_kitti/mini_train/CAM_BACK/depth/000001_39586f9d59004284a7114a68825e8eec.parquet",
      "feature_path": "/data2/zhouzhexian/dataset/nusc_kitti/mini_train/CAM_BACK/dino/000001_39586f9d59004284a7114a68825e8eec.parquet",
      "backward_flow_path": "/data2/zhouzhexian/dataset/nusc_kitti/mini_train/CAM_BACK/dino_correspondences/000000_ca9a282c9e77460f8360f564131a8af5.parquet",
      "forward_flow_path": "/data2/zhouzhexian/dataset/nusc_kitti/mini_train/CAM_BACK/dino_correspondences/000002_356d81f38dd9473ba590f39e266f54e5.parquet",
      "backward_neighbor_index": 4,
      "forward_neighbor_index": 16,
      "c2w": [
        [
          0.938392195462133,
          0.0299386423843678,
          -0.34427280634388363,
          -0.5005172102068947
        ],
        [
          -0.3438800388485646,
          -0.017566731096430338,
          -0.9388492577832485,
          -0.35112458875147695
        ],
        [
          -0.0341556199944542,
          0.9993973622392918,
          -0.0061891818544616796,
          0.003296715928211511
        ]
      ],
      "W": 1600,
      "H": 900,
      "intrinsics": [
        809.2209905677,
        809.2209905677,
        829.219600326,
        481.7784238451
      ],
      "time": -0.995049504950495,
      "video_id": 0,
      "is_val": true
    },
    {
      "image_index": 11,
      "rgb_path": "/data2/zhouzhexian/dataset/nusc_kitti/mini_train/CAM_BACK_LEFT/image_2/000001_39586f9d59004284a7114a68825e8eec.png",
      "depth_path": "/data2/zhouzhexian/dataset/nusc_kitti/mini_train/CAM_BACK_LEFT/depth/000001_39586f9d59004284a7114a68825e8eec.parquet",
      "feature_path": "/data2/zhouzhexian/dataset/nusc_kitti/mini_train/CAM_BACK_LEFT/dino/000001_39586f9d59004284a7114a68825e8eec.parquet",
      "backward_flow_path": "/data2/zhouzhexian/dataset/nusc_kitti/mini_train/CAM_BACK_LEFT/dino_correspondences/000000_ca9a282c9e77460f8360f564131a8af5.parquet",
      "forward_flow_path": "/data2/zhouzhexian/dataset/nusc_kitti/mini_train/CAM_BACK_LEFT/dino_correspondences/000002_356d81f38dd9473ba590f39e266f54e5.parquet",
      "backward_neighbor_index": 5,
      "forward_neighbor_index": 17,
      "c2w": [
        [
          -0.02387379834718425,
          0.04802819253276635,
          -0.998560631346184,
          -0.5004407669720423
        ],
        [
          -0.999706768935369,
          0.0029014428109396563,
          0.024040752367227396,
          -0.35190698659148023
        ],
        [
          0.004051900448435522,
          0.9988417664233001,
          0.047944840714150144,
          0.0033022655162735772
        ]
      ],
      "W": 1600,
      "H": 900,
      "intrinsics": [
        1256.74148121,
        1256.74148121,
        792.112574076,
        492.7757465151
      ],
      "time": -0.995049504950495,
      "video_id": 0,
      "is_val": true
    },
    {
      "image_index": 12,
      "rgb_path": "/data2/zhouzhexian/dataset/nusc_kitti/mini_train/CAM_FRONT_LEFT/image_2/000002_356d81f38dd9473ba590f39e266f54e5.png",
      "depth_path": "/data2/zhouzhexian/dataset/nusc_kitti/mini_train/CAM_FRONT_LEFT/depth/000002_356d81f38dd9473ba590f39e266f54e5.parquet",
      "feature_path": "/data2/zhouzhexian/dataset/nusc_kitti/mini_train/CAM_FRONT_LEFT/dino/000002_356d81f38dd9473ba590f39e266f54e5.parquet",
      "backward_flow_path": "/data2/zhouzhexian/dataset/nusc_kitti/mini_train/CAM_FRONT_LEFT/dino_correspondences/000001_39586f9d59004284a7114a68825e8eec.parquet",
      "forward_flow_path": "/data2/zhouzhexian/dataset/nusc_kitti/mini_train/CAM_FRONT_LEFT/dino_correspondences/000003_e0845f5322254dafadbbed75aaa07969.parquet",
      "backward_neighbor_index": 6,
      "forward_neighbor_index": 18,
      "c2w": [
        [
          -0.8133291276434933,
          0.028946879521790356,
          -0.5810833058113065,
          -0.5017059888874434
        ],
        [
          -0.5811778178162005,
          0.0058979079980921965,
          0.8137552204192353,
          -0.35541886873709505
        ],
        [
          0.02698285020260728,
          0.9995635511798173,
          0.012026343906048748,
          0.0032508922105257392
        ]
      ],
      "W": 1600,
      "H": 900,
      "intrinsics": [
        1272.59794706,
        1272.59794706,
        826.6154927354,
        479.7516538636
      ],
      "time": -0.9900990099009901,
      "video_id": 0,
      "is_val": true
    },
    {
      "image_index": 13,
      "rgb_path": "/data2/zhouzhexian/dataset/nusc_kitti/mini_train/CAM_FRONT/image_2/000002_356d81f38dd9473ba590f39e266f54e5.png",
      "depth_path": "/data2/zhouzhexian/dataset/nusc_kitti/mini_train/CAM_FRONT/depth/000002_356d81f38dd9473ba590f39e266f54e5.parquet",
      "feature_path": "/data2/zhouzhexian/dataset/nusc_kitti/mini_train/CAM_FRONT/dino/000002_356d81f38dd9473ba590f39e266f54e5.parquet",
      "backward_flow_path": "/data2/zhouzhexian/dataset/nusc_kitti/mini_train/CAM_FRONT/dino_correspondences/000001_39586f9d59004284a7114a68825e8eec.parquet",
      "forward_flow_path": "/data2/zhouzhexian/dataset/nusc_kitti/mini_train/CAM_FRONT/dino_correspondences/000003_e0845f5322254dafadbbed75aaa07969.parquet",
      "backward_neighbor_index": 7,
      "forward_neighbor_index": 19,
      "c2w": [
        [
          -0.9433318663327934,
          0.030988727885957232,
          0.3304008000975637,
          -0.5020650678060625
        ],
        [
          0.33054628922665436,
          -0.00045226221494102346,
          0.9437896726164278,
          -0.3554229747920995
        ],
        [
          0.029396269143956454,
          0.9995196317246199,
          -0.009816575651270901,
          0.0032635910951667206
        ]
      ],
      "W": 1600,
      "H": 900,
      "intrinsics": [
        1266.417203047,
        1266.417203047,
        816.2670197448,
        491.5070657929
      ],
      "time": -0.9900990099009901,
      "video_id": 0,
      "is_val": true
    },
    {
      "image_index": 14,
      "rgb_path": "/data2/zhouzhexian/dataset/nusc_kitti/mini_train/CAM_FRONT_RIGHT/image_2/000002_356d81f38dd9473ba590f39e266f54e5.png",
      "depth_path": "/data2/zhouzhexian/dataset/nusc_kitti/mini_train/CAM_FRONT_RIGHT/depth/000002_356d81f38dd9473ba590f39e266f54e5.parquet",
      "feature_path": "/data2/zhouzhexian/dataset/nusc_kitti/mini_train/CAM_FRONT_RIGHT/dino/000002_356d81f38dd9473ba590f39e266f54e5.parquet",
      "backward_flow_path": "/data2/zhouzhexian/dataset/nusc_kitti/mini_train/CAM_FRONT_RIGHT/dino_correspondences/000001_39586f9d59004284a7114a68825e8eec.parquet",
      "forward_flow_path": "/data2/zhouzhexian/dataset/nusc_kitti/mini_train/CAM_FRONT_RIGHT/dino_correspondences/000003_e0845f5322254dafadbbed75aaa07969.parquet",
      "backward_neighbor_index": 8,
      "forward_neighbor_index": 20,
      "c2w": [
        [
          -0.2416951505373059,
          0.016664943251076682,
          0.9702091186302401,
          -0.5023676244675974
        ],
        [
          0.9703318599958077,
          0.010629712040755412,
          0.24154314459117385,
          -0.3552031242223731
        ],
        [
          -0.006287740753057644,
          0.9998046253585161,
          -0.01873967523340348,
          0.003261461090693155
        ]
      ],
      "W": 1600,
      "H": 900,
      "intrinsics": [
        1260.8474446,
        1260.8474446,
        807.9682445256,
        495.3344268742
      ],
      "time": -0.9900990099009901,
      "video_id": 0,
      "is_val": true
    },
    {
      "image_index": 15,
      "rgb_path": "/data2/zhouzhexian/dataset/nusc_kitti/mini_train/CAM_BACK_RIGHT/image_2/000002_356d81f38dd9473ba590f39e266f54e5.png",
      "depth_path": "/data2/zhouzhexian/dataset/nusc_kitti/mini_train/CAM_BACK_RIGHT/depth/000002_356d81f38dd9473ba590f39e266f54e5.parquet",
      "feature_path": "/data2/zhouzhexian/dataset/nusc_kitti/mini_train/CAM_BACK_RIGHT/dino/000002_356d81f38dd9473ba590f39e266f54e5.parquet",
      "backward_flow_path": "/data2/zhouzhexian/dataset/nusc_kitti/mini_train/CAM_BACK_RIGHT/dino_correspondences/000001_39586f9d59004284a7114a68825e8eec.parquet",
      "forward_flow_path": "/data2/zhouzhexian/dataset/nusc_kitti/mini_train/CAM_BACK_RIGHT/dino_correspondences/000003_e0845f5322254dafadbbed75aaa07969.parquet",
      "backward_neighbor_index": 9,
      "forward_neighbor_index": 21,
      "c2w": [
        [
          0.6476339637621153,
          0.026709212128118196,
          0.7614833333496944,
          -0.5022309698366014
        ],
        [
          0.7611232896747049,
          0.023909664469866393,
          -0.6481663874805699,
          -0.3548504742763646
        ],
        [
          -0.035518824537315516,
          0.9993572664129624,
          -0.004844292626735924,
          0.003302211601789567
        ]
      ],
      "W": 1600,
      "H": 900,
      "intrinsics": [
        1259.513740585,
        1259.513740585,
        807.2529053839,
        501.1957988492
      ],
      "time": -0.9900990099009901,
      "video_id": 0,
      "is_val": true
    },
    {
      "image_index": 16,
      "rgb_path": "/data2/zhouzhexian/dataset/nusc_kitti/mini_train/CAM_BACK/image_2/000002_356d81f38dd9473ba590f39e266f54e5.png",
      "depth_path": "/data2/zhouzhexian/dataset/nusc_kitti/mini_train/CAM_BACK/depth/000002_356d81f38dd9473ba590f39e266f54e5.parquet",
      "feature_path": "/data2/zhouzhexian/dataset/nusc_kitti/mini_train/CAM_BACK/dino/000002_356d81f38dd9473ba590f39e266f54e5.parquet",
      "backward_flow_path": "/data2/zhouzhexian/dataset/nusc_kitti/mini_train/CAM_BACK/dino_correspondences/000001_39586f9d59004284a7114a68825e8eec.parquet",
      "forward_flow_path": "/data2/zhouzhexian/dataset/nusc_kitti/mini_train/CAM_BACK/dino_correspondences/000003_e0845f5322254dafadbbed75aaa07969.parquet",
      "backward_neighbor_index": 10,
      "forward_neighbor_index": 22,
      "c2w": [
        [
          0.9405141889817795,
          0.030193138334512818,
          -0.3384101575328539,
          -0.5016766385348517
        ],
        [
          -0.3381999331438616,
          -0.011972480158874305,
          -0.9409981216455179,
          -0.35431062642408184
        ],
        [
          -0.03246329535597962,
          0.9994723778656638,
          -0.0010489701005875476,
          0.0032934073170795327
        ]
      ],
      "W": 1600,
      "H": 900,
      "intrinsics": [
        809.2209905677,
        809.2209905677,
        829.219600326,
        481.7784238451
      ],
      "time": -0.9900990099009901,
      "video_id": 0,
      "is_val": true
    },
    {
      "image_index": 17,
      "rgb_path": "/data2/zhouzhexian/dataset/nusc_kitti/mini_train/CAM_BACK_LEFT/image_2/000002_356d81f38dd9473ba590f39e266f54e5.png",
      "depth_path": "/data2/zhouzhexian/dataset/nusc_kitti/mini_train/CAM_BACK_LEFT/depth/000002_356d81f38dd9473ba590f39e266f54e5.parquet",
      "feature_path": "/data2/zhouzhexian/dataset/nusc_kitti/mini_train/CAM_BACK_LEFT/dino/000002_356d81f38dd9473ba590f39e266f54e5.parquet",
      "backward_flow_path": "/data2/zhouzhexian/dataset/nusc_kitti/mini_train/CAM_BACK_LEFT/dino_correspondences/000001_39586f9d59004284a7114a68825e8eec.parquet",
      "forward_flow_path": "/data2/zhouzhexian/dataset/nusc_kitti/mini_train/CAM_BACK_LEFT/dino_correspondences/000003_e0845f5322254dafadbbed75aaa07969.parquet",
      "backward_neighbor_index": 11,
      "forward_neighbor_index": 23,
      "c2w": [
        [
          -0.017636247580972184,
          0.04815456828318615,
          -0.9986841844771036,
          -0.5015953151280889
        ],
        [
          -0.9997996805641823,
          0.008604822753620105,
          0.018070854133071933,
          -0.35509249075855587
        ],
        [
          0.009463694573558699,
          0.9988028306822149,
          0.04799316520275899,
          0.003303175229552175
        ]
      ],
      "W": 1600,
      "H": 900,
      "intrinsics": [
        1256.74148121,
        1256.74148121,
        792.112574076,
        492.7757465151
      ],
      "time": -0.9900990099009901,
      "video_id": 0,
      "is_val": true
    },
    {
      "image_index": 18,
      "rgb_path": "/data2/zhouzhexian/dataset/nusc_kitti/mini_train/CAM_FRONT_LEFT/image_2/000003_e0845f5322254dafadbbed75aaa07969.png",
      "depth_path": "/data2/zhouzhexian/dataset/nusc_kitti/mini_train/CAM_FRONT_LEFT/depth/000003_e0845f5322254dafadbbed75aaa07969.parquet",
      "feature_path": "/data2/zhouzhexian/dataset/nusc_kitti/mini_train/CAM_FRONT_LEFT/dino/000003_e0845f5322254dafadbbed75aaa07969.parquet",
      "backward_flow_path": "/data2/zhouzhexian/dataset/nusc_kitti/mini_train/CAM_FRONT_LEFT/dino_correspondences/000002_356d81f38dd9473ba590f39e266f54e5.parquet",
      "forward_flow_path": "/data2/zhouzhexian/dataset/nusc_kitti/mini_train/CAM_FRONT_LEFT/dino_correspondences/000004_c923fe08b2ff4e27975d2bf30934383b.parquet",
      "backward_neighbor_index": 12,
      "forward_neighbor_index": 24,
      "c2w": [
        [
          -0.806706592762785,
          0.023709805557916214,
          -0.5904763486486423,
          -0.5026677400914727
        ],
        [
          -0.5906368604777658,
          0.0002875658480359332,
          0.8069374302576154,
          -0.3581896778060352
        ],
        [
          0.019302130400758073,
          0.9997188416881508,
          0.013771903851797784,
          0.0032488997474957476
        ]
      ],
      "W": 1600,
      "H": 900,
      "intrinsics": [
        1272.59794706,
        1272.59794706,
        826.6154927354,
        479.7516538636
      ],
      "time": -0.9851485148514851,
      "video_id": 0,
      "is_val": true
    },
    {
      "image_index": 19,
      "rgb_path": "/data2/zhouzhexian/dataset/nusc_kitti/mini_train/CAM_FRONT/image_2/000003_e0845f5322254dafadbbed75aaa07969.png",
      "depth_path": "/data2/zhouzhexian/dataset/nusc_kitti/mini_train/CAM_FRONT/depth/000003_e0845f5322254dafadbbed75aaa07969.parquet",
      "feature_path": "/data2/zhouzhexian/dataset/nusc_kitti/mini_train/CAM_FRONT/dino/000003_e0845f5322254dafadbbed75aaa07969.parquet",
      "backward_flow_path": "/data2/zhouzhexian/dataset/nusc_kitti/mini_train/CAM_FRONT/dino_correspondences/000002_356d81f38dd9473ba590f39e266f54e5.parquet",
      "forward_flow_path": "/data2/zhouzhexian/dataset/nusc_kitti/mini_train/CAM_FRONT/dino_correspondences/000004_c923fe08b2ff4e27975d2bf30934383b.parquet",
      "backward_neighbor_index": 13,
      "forward_neighbor_index": 25,
      "c2w": [
        [
          -0.947217595655368,
          0.0258248936171288,
          0.3195495287909801,
          -0.5030268086965708
        ],
        [
          0.31950250105649797,
          -0.006038345467414188,
          0.9475661930454801,
          -0.35819798577017975
        ],
        [
          0.02640034657937563,
          0.9996482447609758,
          -0.00253149102481531,
          0.0032596935290497564
        ]
      ],
      "W": 1600,
      "H": 900,
      "intrinsics": [
        1266.417203047,
        1266.417203047,
        816.2670197448,
        491.5070657929
      ],
      "time": -0.9851485148514851,
      "video_id": 0,
      "is_val": true
    },
    {
      "image_index": 20,
      "rgb_path": "/data2/zhouzhexian/dataset/nusc_kitti/mini_train/CAM_FRONT_RIGHT/image_2/000003_e0845f5322254dafadbbed75aaa07969.png",
      "depth_path": "/data2/zhouzhexian/dataset/nusc_kitti/mini_train/CAM_FRONT_RIGHT/depth/000003_e0845f5322254dafadbbed75aaa07969.parquet",
      "feature_path": "/data2/zhouzhexian/dataset/nusc_kitti/mini_train/CAM_FRONT_RIGHT/dino/000003_e0845f5322254dafadbbed75aaa07969.parquet",
      "backward_flow_path": "/data2/zhouzhexian/dataset/nusc_kitti/mini_train/CAM_FRONT_RIGHT/dino_correspondences/000002_356d81f38dd9473ba590f39e266f54e5.parquet",
      "forward_flow_path": "/data2/zhouzhexian/dataset/nusc_kitti/mini_train/CAM_FRONT_RIGHT/dino_correspondences/000004_c923fe08b2ff4e27975d2bf30934383b.parquet",
      "backward_neighbor_index": 14,
      "forward_neighbor_index": 26,
      "c2w": [
        [
          -0.25282489002015707,
          0.011373076281547451,
          0.967445206780346,
          -0.5033318636420843
        ],
        [
          0.9675102993972479,
          0.00487638895879907,
          0.2527845750653255,
          -0.3579816181101515
        ],
        [
          -0.0018427008695716986,
          0.9999234340520925,
          -0.012236440940433645,
          0.0032572729343403836
        ]
      ],
      "W": 1600,
      "H": 900,
      "intrinsics": [
        1260.8474446,
        1260.8474446,
        807.9682445256,
        495.3344268742
      ],
      "time": -0.9851485148514851,
      "video_id": 0,
      "is_val": true
    },
    {
      "image_index": 21,
      "rgb_path": "/data2/zhouzhexian/dataset/nusc_kitti/mini_train/CAM_BACK_RIGHT/image_2/000003_e0845f5322254dafadbbed75aaa07969.png",
      "depth_path": "/data2/zhouzhexian/dataset/nusc_kitti/mini_train/CAM_BACK_RIGHT/depth/000003_e0845f5322254dafadbbed75aaa07969.parquet",
      "feature_path": "/data2/zhouzhexian/dataset/nusc_kitti/mini_train/CAM_BACK_RIGHT/dino/000003_e0845f5322254dafadbbed75aaa07969.parquet",
      "backward_flow_path": "/data2/zhouzhexian/dataset/nusc_kitti/mini_train/CAM_BACK_RIGHT/dino_correspondences/000002_356d81f38dd9473ba590f39e266f54e5.parquet",
      "forward_flow_path": "/data2/zhouzhexian/dataset/nusc_kitti/mini_train/CAM_BACK_RIGHT/dino_correspondences/000004_c923fe08b2ff4e27975d2bf30934383b.parquet",
      "backward_neighbor_index": 15,
      "forward_neighbor_index": 27,
      "c2w": [
        [
          0.6389951842913617,
          0.02126582633306434,
          0.7689167179109291,
          -0.5031994942768969
        ],
        [
          0.7687137443606092,
          0.018273324183320765,
          -0.639331889439515,
          -0.3576276694338064
        ],
        [
          -0.027646585386366322,
          0.9996068478424993,
          -0.004670766833279671,
          0.0033008132882716467
        ]
      ],
      "W": 1600,
      "H": 900,
      "intrinsics": [
        1259.513740585,
        1259.513740585,
        807.2529053839,
        501.1957988492
      ],
      "time": -0.9851485148514851,
      "video_id": 0,
      "is_val": true
    },
    {
      "image_index": 22,
      "rgb_path": "/data2/zhouzhexian/dataset/nusc_kitti/mini_train/CAM_BACK/image_2/000003_e0845f5322254dafadbbed75aaa07969.png",
      "depth_path": "/data2/zhouzhexian/dataset/nusc_kitti/mini_train/CAM_BACK/depth/000003_e0845f5322254dafadbbed75aaa07969.parquet",
      "feature_path": "/data2/zhouzhexian/dataset/nusc_kitti/mini_train/CAM_BACK/dino/000003_e0845f5322254dafadbbed75aaa07969.parquet",
      "backward_flow_path": "/data2/zhouzhexian/dataset/nusc_kitti/mini_train/CAM_BACK/dino_correspondences/000002_356d81f38dd9473ba590f39e266f54e5.parquet",
      "forward_flow_path": "/data2/zhouzhexian/dataset/nusc_kitti/mini_train/CAM_BACK/dino_correspondences/000004_c923fe08b2ff4e27975d2bf30934383b.parquet",
      "backward_neighbor_index": 16,
      "forward_neighbor_index": 28,
      "c2w": [
        [
          0.9445041926365859,
          0.025162363808509024,
          -0.3275342509409198,
          -0.5026513825576133
        ],
        [
          -0.32716965289483607,
          -0.017566461462830137,
          -0.9448023272920147,
          -0.35708144371544903
        ],
        [
          -0.029527077683354802,
          0.99952902653166,
          -0.008359234668187833,
          0.003298089516592729
        ]
      ],
      "W": 1600,
      "H": 900,
      "intrinsics": [
        809.2209905677,
        809.2209905677,
        829.219600326,
        481.7784238451
      ],
      "time": -0.9851485148514851,
      "video_id": 0,
      "is_val": true
    },
    {
      "image_index": 23,
      "rgb_path": "/data2/zhouzhexian/dataset/nusc_kitti/mini_train/CAM_BACK_LEFT/image_2/000003_e0845f5322254dafadbbed75aaa07969.png",
      "depth_path": "/data2/zhouzhexian/dataset/nusc_kitti/mini_train/CAM_BACK_LEFT/depth/000003_e0845f5322254dafadbbed75aaa07969.parquet",
      "feature_path": "/data2/zhouzhexian/dataset/nusc_kitti/mini_train/CAM_BACK_LEFT/dino/000003_e0845f5322254dafadbbed75aaa07969.parquet",
      "backward_flow_path": "/data2/zhouzhexian/dataset/nusc_kitti/mini_train/CAM_BACK_LEFT/dino_correspondences/000002_356d81f38dd9473ba590f39e266f54e5.parquet",
      "forward_flow_path": "/data2/zhouzhexian/dataset/nusc_kitti/mini_train/CAM_BACK_LEFT/dino_correspondences/000004_c923fe08b2ff4e27975d2bf30934383b.parquet",
      "backward_neighbor_index": 17,
      "forward_neighbor_index": 29,
      "c2w": [
        [
          -0.006162671910108178,
          0.04288870172785241,
          -0.9990608493675458,
          -0.5025611063956835
        ],
        [
          -0.9999749309151719,
          0.0032195231770526106,
          0.006306521360364896,
          -0.35786236604811505
        ],
        [
          0.0034869780733928733,
          0.9990746688484186,
          0.04286778568230015,
          0.003303681569416749
        ]
      ],
      "W": 1600,
      "H": 900,
      "intrinsics": [
        1256.74148121,
        1256.74148121,
        792.112574076,
        492.7757465151
      ],
      "time": -0.9851485148514851,
      "video_id": 0,
      "is_val": true
    },
    {
      "image_index": 24,
      "rgb_path": "/data2/zhouzhexian/dataset/nusc_kitti/mini_train/CAM_FRONT_LEFT/image_2/000004_c923fe08b2ff4e27975d2bf30934383b.png",
      "depth_path": "/data2/zhouzhexian/dataset/nusc_kitti/mini_train/CAM_FRONT_LEFT/depth/000004_c923fe08b2ff4e27975d2bf30934383b.parquet",
      "feature_path": "/data2/zhouzhexian/dataset/nusc_kitti/mini_train/CAM_FRONT_LEFT/dino/000004_c923fe08b2ff4e27975d2bf30934383b.parquet",
      "backward_flow_path": "/data2/zhouzhexian/dataset/nusc_kitti/mini_train/CAM_FRONT_LEFT/dino_correspondences/000003_e0845f5322254dafadbbed75aaa07969.parquet",
      "forward_flow_path": "/data2/zhouzhexian/dataset/nusc_kitti/mini_train/CAM_FRONT_LEFT/dino_correspondences/000005_f1e3d9d08f044c439ce86a2d6fcca57b.parquet",
      "backward_neighbor_index": 18,
      "forward_neighbor_index": 30,
      "c2w": [
        [
          -0.8039205372820566,
          0.02372041563663628,
          -0.5942635035219015,
          -0.5035924164058329
        ],
        [
          -0.594346114878106,
          0.004165721903873678,
          0.8041985715544608,
          -0.3609054322828799
        ],
        [
          0.021551460864956035,
          0.9997099522576814,
          0.01074922748579493,
          0.003250777236800859
        ]
      ],
      "W": 1600,
      "H": 900,
      "intrinsics": [
        1272.59794706,
        1272.59794706,
        826.6154927354,
        479.7516538636
      ],
      "time": -0.9801980198019802,
      "video_id": 0,
      "is_val": true
    },
    {
      "image_index": 25,
      "rgb_path": "/data2/zhouzhexian/dataset/nusc_kitti/mini_train/CAM_FRONT/image_2/000004_c923fe08b2ff4e27975d2bf30934383b.png",
      "depth_path": "/data2/zhouzhexian/dataset/nusc_kitti/mini_train/CAM_FRONT/depth/000004_c923fe08b2ff4e27975d2bf30934383b.parquet",
      "feature_path": "/data2/zhouzhexian/dataset/nusc_kitti/mini_train/CAM_FRONT/dino/000004_c923fe08b2ff4e27975d2bf30934383b.parquet",
      "backward_flow_path": "/data2/zhouzhexian/dataset/nusc_kitti/mini_train/CAM_FRONT/dino_correspondences/000003_e0845f5322254dafadbbed75aaa07969.parquet",
      "forward_flow_path": "/data2/zhouzhexian/dataset/nusc_kitti/mini_train/CAM_FRONT/dino_correspondences/000005_f1e3d9d08f044c439ce86a2d6fcca57b.parquet",
      "backward_neighbor_index": 19,
      "forward_neighbor_index": 31,
      "c2w": [
        [
          -0.9487089579533446,
          0.025865220987481383,
          0.315090944716535,
          -0.5039514418501521
        ],
        [
          0.31514286484217563,
          -0.0021503965825458195,
          0.9490418065257454,
          -0.36091538757522124
        ],
        [
          0.02522474654285557,
          0.9996631263269781,
          -0.006111139340762637,
          0.0032616129943276438
        ]
      ],
      "W": 1600,
      "H": 900,
      "intrinsics": [
        1266.417203047,
        1266.417203047,
        816.2670197448,
        491.5070657929
      ],
      "time": -0.9801980198019802,
      "video_id": 0,
      "is_val": true
    },
    {
      "image_index": 26,
      "rgb_path": "/data2/zhouzhexian/dataset/nusc_kitti/mini_train/CAM_FRONT_RIGHT/image_2/000004_c923fe08b2ff4e27975d2bf30934383b.png",
      "depth_path": "/data2/zhouzhexian/dataset/nusc_kitti/mini_train/CAM_FRONT_RIGHT/depth/000004_c923fe08b2ff4e27975d2bf30934383b.parquet",
